latency_us ecdf
2090.10 0.00200
2106.50 0.00400
2139.30 0.00600
2143.00 0.00800
2176.10 0.01000
2193.10 0.01200
2194.90 0.01400
2196.20 0.01600
2196.50 0.01800
2199.30 0.02000
2203.80 0.02200
2204.40 0.02400
2207.60 0.02600
2208.20 0.02800
2211.10 0.03000
2214.90 0.03200
2215.90 0.03400
2222.40 0.03600
2222.50 0.03800
2222.70 0.04000
2223.10 0.04200
2223.50 0.04400
2224.50 0.04600
2228.10 0.04800
2232.00 0.05000
2232.10 0.05200
2234.20 0.05400
2236.70 0.05600
2237.00 0.05800
2237.10 0.06000
2237.90 0.06200
2238.60 0.06400
2240.50 0.06600
2241.60 0.06800
2242.50 0.07000
2243.60 0.07200
2246.20 0.07400
2246.40 0.07600
2246.40 0.07800
2246.80 0.08000
2248.40 0.08200
2249.70 0.08400
2251.50 0.08600
2251.70 0.08800
2252.40 0.09000
2252.60 0.09200
2253.30 0.09400
2253.60 0.09600
2255.70 0.09800
2255.80 0.10000
2261.10 0.10200
2262.00 0.10400
2263.40 0.10600
2263.50 0.10800
2264.30 0.11000
2264.40 0.11200
2264.60 0.11400
2265.00 0.11600
2265.10 0.11800
2265.30 0.12000
2266.50 0.12200
2267.30 0.12400
2267.60 0.12600
2268.50 0.12800
2268.70 0.13000
2268.90 0.13200
2273.50 0.13400
2274.30 0.13600
2274.40 0.13800
2274.90 0.14000
2275.60 0.14200
2275.80 0.14400
2277.70 0.14600
2277.80 0.14800
2278.80 0.15000
2279.40 0.15200
2279.80 0.15400
2280.50 0.15600
2281.10 0.15800
2281.30 0.16000
2281.30 0.16200
2281.50 0.16400
2284.20 0.16600
2284.20 0.16800
2286.40 0.17000
2288.20 0.17200
2289.00 0.17400
2291.10 0.17600
2293.60 0.17800
2294.40 0.18000
2295.10 0.18200
2296.50 0.18400
2297.60 0.18600
2297.90 0.18800
2298.00 0.19000
2298.50 0.19200
2300.00 0.19400
2300.60 0.19600
2300.80 0.19800
2301.00 0.20000
2301.90 0.20200
2302.80 0.20400
2304.10 0.20600
2304.20 0.20800
2304.60 0.21000
2304.70 0.21200
2306.70 0.21400
2306.80 0.21600
2306.90 0.21800
2307.20 0.22000
2307.90 0.22200
2308.30 0.22400
2308.80 0.22600
2310.40 0.22800
2311.30 0.23000
2311.80 0.23200
2312.00 0.23400
2312.50 0.23600
2313.50 0.23800
2314.30 0.24000
2314.40 0.24200
2315.30 0.24400
2315.90 0.24600
2316.00 0.24800
2316.10 0.25000
2316.70 0.25200
2316.80 0.25400
2317.30 0.25600
2318.60 0.25800
2319.10 0.26000
2320.20 0.26200
2320.30 0.26400
2321.00 0.26600
2321.00 0.26800
2321.00 0.27000
2321.00 0.27200
2321.10 0.27400
2321.40 0.27600
2321.80 0.27800
2323.90 0.28000
2324.50 0.28200
2324.80 0.28400
2325.80 0.28600
2326.50 0.28800
2326.60 0.29000
2327.00 0.29200
2327.20 0.29400
2327.30 0.29600
2327.40 0.29800
2327.90 0.30000
2328.60 0.30200
2328.70 0.30400
2328.80 0.30600
2328.90 0.30800
2329.70 0.31000
2330.20 0.31200
2331.60 0.31400
2332.10 0.31600
2333.70 0.31800
2334.00 0.32000
2334.10 0.32200
2334.60 0.32400
2334.80 0.32600
2336.50 0.32800
2336.60 0.33000
2337.40 0.33200
2337.40 0.33400
2337.60 0.33600
2338.90 0.33800
2340.30 0.34000
2340.30 0.34200
2341.10 0.34400
2341.50 0.34600
2341.80 0.34800
2342.70 0.35000
2343.30 0.35200
2343.70 0.35400
2344.30 0.35600
2344.30 0.35800
2345.10 0.36000
2345.20 0.36200
2345.80 0.36400
2347.00 0.36600
2347.00 0.36800
2347.30 0.37000
2349.60 0.37200
2349.70 0.37400
2349.90 0.37600
2350.10 0.37800
2351.10 0.38000
2351.20 0.38200
2351.60 0.38400
2353.40 0.38600
2353.50 0.38800
2354.10 0.39000
2354.20 0.39200
2354.50 0.39400
2355.50 0.39600
2355.60 0.39800
2356.80 0.40000
2357.40 0.40200
2357.60 0.40400
2359.20 0.40600
2359.90 0.40800
2361.90 0.41000
2362.00 0.41200
2363.20 0.41400
2363.50 0.41600
2364.40 0.41800
2364.70 0.42000
2365.60 0.42200
2367.10 0.42400
2367.60 0.42600
2367.90 0.42800
2368.40 0.43000
2368.60 0.43200
2368.70 0.43400
2369.00 0.43600
2369.30 0.43800
2369.30 0.44000
2370.40 0.44200
2371.80 0.44400
2373.20 0.44600
2373.20 0.44800
2374.10 0.45000
2374.50 0.45200
2374.60 0.45400
2375.20 0.45600
2375.50 0.45800
2376.70 0.46000
2377.90 0.46200
2378.60 0.46400
2378.60 0.46600
2379.30 0.46800
2380.30 0.47000
2380.50 0.47200
2380.80 0.47400
2381.50 0.47600
2381.60 0.47800
2383.60 0.48000
2383.90 0.48200
2384.10 0.48400
2384.70 0.48600
2388.00 0.48800
2388.20 0.49000
2389.60 0.49200
2389.70 0.49400
2390.20 0.49600
2391.10 0.49800
2391.40 0.50000
2391.50 0.50200
2391.90 0.50400
2392.50 0.50600
2392.70 0.50800
2392.80 0.51000
2393.50 0.51200
2394.00 0.51400
2394.00 0.51600
2394.40 0.51800
2394.70 0.52000
2396.00 0.52200
2398.20 0.52400
2399.60 0.52600
2402.60 0.52800
2403.80 0.53000
2404.40 0.53200
2408.50 0.53400
2409.70 0.53600
2410.10 0.53800
2412.90 0.54000
2414.20 0.54200
2414.40 0.54400
2415.10 0.54600
2415.80 0.54800
2418.20 0.55000
2420.30 0.55200
2421.60 0.55400
2421.70 0.55600
2423.60 0.55800
2427.00 0.56000
2427.30 0.56200
2427.90 0.56400
2431.30 0.56600
2433.90 0.56800
2434.60 0.57000
2435.10 0.57200
2437.10 0.57400
2438.10 0.57600
2438.10 0.57800
2438.70 0.58000
2439.40 0.58200
2439.80 0.58400
2440.20 0.58600
2445.10 0.58800
2445.40 0.59000
2451.40 0.59200
2451.60 0.59400
2451.90 0.59600
2452.70 0.59800
2455.40 0.60000
2455.90 0.60200
2456.50 0.60400
2462.00 0.60600
2469.40 0.60800
2473.20 0.61000
2474.90 0.61200
2477.50 0.61400
2477.60 0.61600
2477.60 0.61800
2478.10 0.62000
2481.70 0.62200
2482.50 0.62400
2482.80 0.62600
2486.30 0.62800
2486.40 0.63000
2487.20 0.63200
2489.60 0.63400
2490.00 0.63600
2491.80 0.63800
2492.00 0.64000
2494.50 0.64200
2494.80 0.64400
2496.40 0.64600
2498.70 0.64800
2500.10 0.65000
2502.40 0.65200
2504.90 0.65400
2513.90 0.65600
2523.60 0.65800
2530.70 0.66000
2534.20 0.66200
2536.10 0.66400
2536.10 0.66600
2537.20 0.66800
2546.80 0.67000
2547.50 0.67200
2548.20 0.67400
2552.40 0.67600
2559.10 0.67800
2561.60 0.68000
2563.40 0.68200
2565.30 0.68400
2573.10 0.68600
2574.30 0.68800
2576.40 0.69000
2579.80 0.69200
2585.40 0.69400
2585.70 0.69600
2588.90 0.69800
2597.20 0.70000
2598.20 0.70200
2600.50 0.70400
2607.70 0.70600
2608.50 0.70800
2611.80 0.71000
2613.80 0.71200
2615.70 0.71400
2620.60 0.71600
2622.70 0.71800
2623.00 0.72000
2626.20 0.72200
2633.50 0.72400
2637.10 0.72600
2650.70 0.72800
2657.60 0.73000
2661.30 0.73200
2674.20 0.73400
2697.00 0.73600
2702.60 0.73800
2711.00 0.74000
2714.80 0.74200
2719.80 0.74400
2723.00 0.74600
2724.10 0.74800
2729.30 0.75000
2737.80 0.75200
2742.60 0.75400
2745.50 0.75600
2746.80 0.75800
2754.70 0.76000
2767.60 0.76200
2770.50 0.76400
2796.60 0.76600
2799.80 0.76800
2811.40 0.77000
2822.50 0.77200
2844.40 0.77400
2850.30 0.77600
2853.80 0.77800
2854.40 0.78000
2858.30 0.78200
2867.20 0.78400
2890.30 0.78600
2911.90 0.78800
2914.60 0.79000
2914.90 0.79200
2919.20 0.79400
2928.50 0.79600
2943.20 0.79800
2943.40 0.80000
2946.10 0.80200
2952.70 0.80400
2958.90 0.80600
2968.90 0.80800
2976.20 0.81000
3004.20 0.81200
3007.50 0.81400
3015.50 0.81600
3031.10 0.81800
3049.30 0.82000
3051.70 0.82200
3051.80 0.82400
3053.30 0.82600
3064.70 0.82800
3074.30 0.83000
3082.00 0.83200
3083.60 0.83400
3089.00 0.83600
3092.80 0.83800
3100.80 0.84000
3101.40 0.84200
3104.30 0.84400
3107.50 0.84600
3109.60 0.84800
3111.00 0.85000
3113.10 0.85200
3115.10 0.85400
3122.50 0.85600
3122.80 0.85800
3138.30 0.86000
3139.10 0.86200
3140.80 0.86400
3149.40 0.86600
3162.40 0.86800
3166.10 0.87000
3173.40 0.87200
3174.90 0.87400
3182.30 0.87600
3191.30 0.87800
3203.80 0.88000
3229.10 0.88200
3235.90 0.88400
3256.80 0.88600
3283.00 0.88800
3283.50 0.89000
3284.90 0.89200
3286.00 0.89400
3289.90 0.89600
3299.80 0.89800
3345.00 0.90000
3348.40 0.90200
3357.20 0.90400
3359.70 0.90600
3364.10 0.90800
3381.30 0.91000
3435.00 0.91200
3436.90 0.91400
3502.80 0.91600
3505.10 0.91800
3530.50 0.92000
3542.00 0.92200
3561.60 0.92400
3612.30 0.92600
3646.60 0.92800
3702.80 0.93000
3741.30 0.93200
3748.60 0.93400
3761.20 0.93600
3825.80 0.93800
3869.20 0.94000
3933.90 0.94200
3939.70 0.94400
3973.80 0.94600
4059.80 0.94800
4148.80 0.95000
4206.40 0.95200
4208.20 0.95400
4224.40 0.95600
4251.50 0.95800
4276.60 0.96000
4321.90 0.96200
4487.50 0.96400
4525.50 0.96600
4539.80 0.96800
4581.10 0.97000
4667.70 0.97200
4709.70 0.97400
4759.10 0.97600
4777.60 0.97800
4796.60 0.98000
4844.20 0.98200
4895.20 0.98400
4904.40 0.98600
4907.20 0.98800
5691.40 0.99000
6127.90 0.99200
6382.70 0.99400
6560.10 0.99600
7557.20 0.99800
10797.50 1.00000
