latency_us ecdf
4244.20 0.00200
4251.90 0.00400
4255.40 0.00600
4256.80 0.00800
4261.00 0.01000
4261.20 0.01200
4262.50 0.01400
4263.60 0.01600
4268.40 0.01800
4268.80 0.02000
4268.80 0.02200
4270.20 0.02400
4270.20 0.02600
4271.20 0.02800
4271.30 0.03000
4271.30 0.03200
4271.50 0.03400
4272.00 0.03600
4272.00 0.03800
4272.30 0.04000
4272.30 0.04200
4272.40 0.04400
4272.70 0.04600
4272.80 0.04800
4273.00 0.05000
4273.80 0.05200
4273.90 0.05400
4274.20 0.05600
4274.40 0.05800
4274.40 0.06000
4274.50 0.06200
4275.60 0.06400
4275.80 0.06600
4275.80 0.06800
4276.10 0.07000
4276.20 0.07200
4276.40 0.07400
4276.70 0.07600
4277.10 0.07800
4277.30 0.08000
4277.40 0.08200
4277.40 0.08400
4277.40 0.08600
4277.40 0.08800
4277.50 0.09000
4277.70 0.09200
4278.00 0.09400
4278.20 0.09600
4278.30 0.09800
4278.70 0.10000
4278.80 0.10200
4279.00 0.10400
4279.70 0.10600
4280.20 0.10800
4280.30 0.11000
4280.80 0.11200
4281.10 0.11400
4281.60 0.11600
4281.70 0.11800
4282.20 0.12000
4282.90 0.12200
4283.00 0.12400
4283.10 0.12600
4283.20 0.12800
4283.50 0.13000
4283.70 0.13200
4285.40 0.13400
4287.10 0.13600
4289.30 0.13800
4293.20 0.14000
4294.10 0.14200
4294.10 0.14400
4295.60 0.14600
4296.40 0.14800
4296.60 0.15000
4297.40 0.15200
4297.60 0.15400
4299.00 0.15600
4299.00 0.15800
4300.20 0.16000
4301.10 0.16200
4301.90 0.16400
4302.00 0.16600
4302.40 0.16800
4302.40 0.17000
4303.30 0.17200
4304.20 0.17400
4304.60 0.17600
4305.10 0.17800
4305.40 0.18000
4306.60 0.18200
4307.20 0.18400
4307.40 0.18600
4308.50 0.18800
4308.50 0.19000
4308.60 0.19200
4309.40 0.19400
4309.70 0.19600
4310.00 0.19800
4310.10 0.20000
4310.10 0.20200
4310.60 0.20400
4310.90 0.20600
4311.10 0.20800
4311.20 0.21000
4311.30 0.21200
4311.70 0.21400
4311.80 0.21600
4312.00 0.21800
4312.30 0.22000
4313.00 0.22200
4313.40 0.22400
4313.50 0.22600
4313.50 0.22800
4314.00 0.23000
4314.30 0.23200
4314.50 0.23400
4315.60 0.23600
4315.60 0.23800
4315.80 0.24000
4315.90 0.24200
4315.90 0.24400
4316.10 0.24600
4316.80 0.24800
4316.90 0.25000
4318.70 0.25200
4319.60 0.25400
4320.70 0.25600
4320.80 0.25800
4321.90 0.26000
4324.90 0.26200
4325.20 0.26400
4325.20 0.26600
4325.80 0.26800
4326.40 0.27000
4328.60 0.27200
4329.10 0.27400
4329.90 0.27600
4332.70 0.27800
4333.60 0.28000
4333.90 0.28200
4334.60 0.28400
4334.90 0.28600
4334.90 0.28800
4335.80 0.29000
4335.80 0.29200
4336.50 0.29400
4336.80 0.29600
4337.50 0.29800
4338.00 0.30000
4338.50 0.30200
4339.40 0.30400
4339.80 0.30600
4339.90 0.30800
4340.60 0.31000
4340.70 0.31200
4341.40 0.31400
4341.80 0.31600
4343.00 0.31800
4343.00 0.32000
4343.50 0.32200
4344.90 0.32400
4345.30 0.32600
4345.40 0.32800
4345.50 0.33000
4345.70 0.33200
4346.90 0.33400
4346.90 0.33600
4347.50 0.33800
4348.30 0.34000
4350.30 0.34200
4351.20 0.34400
4351.30 0.34600
4351.70 0.34800
4353.40 0.35000
4353.40 0.35200
4353.70 0.35400
4355.50 0.35600
4356.50 0.35800
4357.80 0.36000
4358.90 0.36200
4359.70 0.36400
4360.00 0.36600
4361.60 0.36800
4361.80 0.37000
4363.20 0.37200
4365.20 0.37400
4365.30 0.37600
4367.50 0.37800
4368.20 0.38000
4369.30 0.38200
4369.80 0.38400
4370.40 0.38600
4371.40 0.38800
4372.20 0.39000
4372.30 0.39200
4372.30 0.39400
4372.80 0.39600
4374.50 0.39800
4375.90 0.40000
4377.60 0.40200
4377.70 0.40400
4379.40 0.40600
4380.70 0.40800
4381.60 0.41000
4382.10 0.41200
4384.00 0.41400
4384.00 0.41600
4384.90 0.41800
4385.10 0.42000
4385.50 0.42200
4385.60 0.42400
4386.30 0.42600
4390.00 0.42800
4390.00 0.43000
4394.10 0.43200
4395.20 0.43400
4395.40 0.43600
4395.70 0.43800
4395.90 0.44000
4397.00 0.44200
4397.40 0.44400
4397.60 0.44600
4398.10 0.44800
4398.20 0.45000
4399.10 0.45200
4401.20 0.45400
4402.20 0.45600
4403.10 0.45800
4403.40 0.46000
4403.50 0.46200
4404.80 0.46400
4404.90 0.46600
4406.60 0.46800
4406.90 0.47000
4407.90 0.47200
4408.00 0.47400
4410.30 0.47600
4411.10 0.47800
4412.40 0.48000
4415.60 0.48200
4415.80 0.48400
4416.10 0.48600
4416.90 0.48800
4417.70 0.49000
4418.20 0.49200
4418.30 0.49400
4419.90 0.49600
4421.20 0.49800
4422.10 0.50000
4424.30 0.50200
4425.30 0.50400
4425.50 0.50600
4429.40 0.50800
4429.70 0.51000
4430.00 0.51200
4430.30 0.51400
4431.00 0.51600
4431.30 0.51800
4431.50 0.52000
4435.20 0.52200
4437.40 0.52400
4439.40 0.52600
4440.40 0.52800
4440.60 0.53000
4440.60 0.53200
4441.30 0.53400
4441.30 0.53600
4442.80 0.53800
4446.30 0.54000
4447.90 0.54200
4450.60 0.54400
4451.00 0.54600
4453.50 0.54800
4453.70 0.55000
4454.70 0.55200
4454.90 0.55400
4458.20 0.55600
4460.80 0.55800
4462.00 0.56000
4462.90 0.56200
4466.30 0.56400
4466.50 0.56600
4467.40 0.56800
4469.20 0.57000
4472.80 0.57200
4472.80 0.57400
4473.50 0.57600
4477.60 0.57800
4477.90 0.58000
4478.30 0.58200
4478.80 0.58400
4479.00 0.58600
4479.50 0.58800
4479.70 0.59000
4480.30 0.59200
4485.10 0.59400
4486.90 0.59600
4488.00 0.59800
4488.10 0.60000
4490.20 0.60200
4491.60 0.60400
4492.30 0.60600
4492.40 0.60800
4492.50 0.61000
4497.30 0.61200
4497.90 0.61400
4500.10 0.61600
4500.40 0.61800
4500.70 0.62000
4501.20 0.62200
4501.40 0.62400
4501.50 0.62600
4501.50 0.62800
4503.40 0.63000
4504.10 0.63200
4505.80 0.63400
4507.90 0.63600
4509.20 0.63800
4509.30 0.64000
4510.90 0.64200
4511.70 0.64400
4511.70 0.64600
4512.60 0.64800
4513.10 0.65000
4513.70 0.65200
4513.90 0.65400
4515.60 0.65600
4516.70 0.65800
4517.60 0.66000
4520.90 0.66200
4522.20 0.66400
4522.20 0.66600
4524.30 0.66800
4530.80 0.67000
4534.60 0.67200
4535.10 0.67400
4535.50 0.67600
4535.60 0.67800
4535.90 0.68000
4536.20 0.68200
4536.70 0.68400
4537.40 0.68600
4538.10 0.68800
4538.20 0.69000
4538.70 0.69200
4539.20 0.69400
4540.50 0.69600
4540.80 0.69800
4541.20 0.70000
4542.20 0.70200
4542.50 0.70400
4542.60 0.70600
4545.00 0.70800
4546.00 0.71000
4548.40 0.71200
4550.50 0.71400
4551.30 0.71600
4555.20 0.71800
4556.20 0.72000
4557.20 0.72200
4559.10 0.72400
4560.40 0.72600
4563.00 0.72800
4565.10 0.73000
4565.60 0.73200
4566.30 0.73400
4567.50 0.73600
4568.30 0.73800
4568.30 0.74000
4568.50 0.74200
4568.60 0.74400
4568.70 0.74600
4570.00 0.74800
4572.60 0.75000
4575.00 0.75200
4577.00 0.75400
4577.60 0.75600
4577.70 0.75800
4578.10 0.76000
4578.70 0.76200
4578.90 0.76400
4579.60 0.76600
4580.60 0.76800
4580.70 0.77000
4583.90 0.77200
4584.50 0.77400
4586.80 0.77600
4587.80 0.77800
4592.90 0.78000
4594.90 0.78200
4595.50 0.78400
4596.00 0.78600
4596.60 0.78800
4600.90 0.79000
4602.60 0.79200
4603.60 0.79400
4605.20 0.79600
4609.30 0.79800
4610.20 0.80000
4611.60 0.80200
4614.80 0.80400
4618.20 0.80600
4618.20 0.80800
4618.20 0.81000
4619.40 0.81200
4619.70 0.81400
4620.40 0.81600
4621.50 0.81800
4622.20 0.82000
4624.30 0.82200
4626.10 0.82400
4629.50 0.82600
4631.80 0.82800
4633.70 0.83000
4636.90 0.83200
4637.60 0.83400
4637.70 0.83600
4641.20 0.83800
4643.10 0.84000
4648.10 0.84200
4650.10 0.84400
4654.00 0.84600
4655.00 0.84800
4658.20 0.85000
4658.20 0.85200
4659.00 0.85400
4660.80 0.85600
4661.30 0.85800
4678.50 0.86000
4679.80 0.86200
4681.50 0.86400
4682.90 0.86600
4683.20 0.86800
4687.00 0.87000
4688.00 0.87200
4689.20 0.87400
4690.30 0.87600
4690.60 0.87800
4696.70 0.88000
4696.90 0.88200
4699.80 0.88400
4701.10 0.88600
4704.20 0.88800
4704.30 0.89000
4705.40 0.89200
4707.80 0.89400
4708.30 0.89600
4708.80 0.89800
4712.40 0.90000
4713.20 0.90200
4714.50 0.90400
4727.70 0.90600
4730.70 0.90800
4731.50 0.91000
4732.10 0.91200
4732.50 0.91400
4732.60 0.91600
4738.60 0.91800
4745.70 0.92000
4746.40 0.92200
4747.80 0.92400
4752.40 0.92600
4765.70 0.92800
4767.50 0.93000
4774.20 0.93200
4781.00 0.93400
4793.00 0.93600
4799.30 0.93800
4803.50 0.94000
4811.50 0.94200
4817.30 0.94400
4818.10 0.94600
4825.40 0.94800
4846.30 0.95000
4871.00 0.95200
4871.90 0.95400
4871.90 0.95600
4877.30 0.95800
4878.90 0.96000
4886.90 0.96200
4913.40 0.96400
4917.80 0.96600
4955.60 0.96800
4962.70 0.97000
4981.10 0.97200
4995.60 0.97400
5024.40 0.97600
5033.90 0.97800
5044.50 0.98000
5048.30 0.98200
5049.00 0.98400
5078.20 0.98600
5142.10 0.98800
5279.50 0.99000
5478.70 0.99200
5704.30 0.99400
5816.60 0.99600
5931.60 0.99800
6094.00 1.00000
