latency_us exceedance
1792.23 9.990010e-01
1801.00 9.980020e-01
1801.22 9.970030e-01
1801.79 9.960040e-01
1802.00 9.950050e-01
1802.77 9.940060e-01
1802.81 9.930070e-01
1802.84 9.920080e-01
1803.82 9.910090e-01
1804.09 9.900100e-01
1804.23 9.890110e-01
1804.24 9.880120e-01
1804.35 9.870130e-01
1804.41 9.860140e-01
1804.57 9.850150e-01
1804.94 9.840160e-01
1806.72 9.830170e-01
1806.80 9.820180e-01
1807.43 9.810190e-01
1808.70 9.800200e-01
1808.75 9.790210e-01
1809.04 9.780220e-01
1809.11 9.770230e-01
1810.38 9.760240e-01
1811.45 9.750250e-01
1812.32 9.740260e-01
1812.33 9.730270e-01
1812.38 9.720280e-01
1813.03 9.710290e-01
1813.22 9.700300e-01
1813.42 9.690310e-01
1813.47 9.680320e-01
1813.52 9.670330e-01
1813.58 9.660340e-01
1813.74 9.650350e-01
1816.25 9.640360e-01
1816.84 9.630370e-01
1817.60 9.620380e-01
1817.99 9.610390e-01
1818.04 9.600400e-01
1818.36 9.590410e-01
1818.91 9.580420e-01
1819.20 9.570430e-01
1819.25 9.560440e-01
1819.58 9.550450e-01
1820.12 9.540460e-01
1820.19 9.530470e-01
1820.55 9.520480e-01
1820.75 9.510490e-01
1822.52 9.500500e-01
1822.58 9.490509e-01
1822.65 9.480519e-01
1822.65 9.470529e-01
1822.78 9.460539e-01
1822.80 9.450549e-01
1822.96 9.440559e-01
1823.06 9.430569e-01
1823.13 9.420579e-01
1823.19 9.410589e-01
1823.21 9.400599e-01
1823.47 9.390609e-01
1823.86 9.380619e-01
1823.93 9.370629e-01
1824.04 9.360639e-01
1824.05 9.350649e-01
1824.13 9.340659e-01
1824.19 9.330669e-01
1824.21 9.320679e-01
1824.24 9.310689e-01
1824.45 9.300699e-01
1824.56 9.290709e-01
1824.79 9.280719e-01
1824.94 9.270729e-01
1824.99 9.260739e-01
1825.09 9.250749e-01
1825.18 9.240759e-01
1825.31 9.230769e-01
1825.34 9.220779e-01
1825.41 9.210789e-01
1825.42 9.200799e-01
1825.45 9.190809e-01
1825.49 9.180819e-01
1825.50 9.170829e-01
1825.50 9.160839e-01
1825.58 9.150849e-01
1825.61 9.140859e-01
1825.64 9.130869e-01
1825.71 9.120879e-01
1825.76 9.110889e-01
1825.98 9.100899e-01
1826.02 9.090909e-01
1826.11 9.080919e-01
1826.32 9.070929e-01
1826.43 9.060939e-01
1826.52 9.050949e-01
1826.59 9.040959e-01
1826.60 9.030969e-01
1826.94 9.020979e-01
1826.96 9.010989e-01
1827.00 9.000999e-01
1827.07 8.991009e-01
1827.14 8.981019e-01
1827.22 8.971029e-01
1827.23 8.961039e-01
1827.35 8.951049e-01
1827.58 8.941059e-01
1827.59 8.931069e-01
1827.63 8.921079e-01
1827.68 8.911089e-01
1827.74 8.901099e-01
1827.86 8.891109e-01
1828.49 8.881119e-01
1828.68 8.871129e-01
1828.71 8.861139e-01
1828.95 8.851149e-01
1828.96 8.841159e-01
1829.10 8.831169e-01
1829.27 8.821179e-01
1829.40 8.811189e-01
1829.45 8.801199e-01
1829.77 8.791209e-01
1830.18 8.781219e-01
1830.54 8.771229e-01
1830.59 8.761239e-01
1830.77 8.751249e-01
1830.79 8.741259e-01
1831.19 8.731269e-01
1831.37 8.721279e-01
1831.43 8.711289e-01
1831.69 8.701299e-01
1831.92 8.691309e-01
1831.98 8.681319e-01
1832.00 8.671329e-01
1832.03 8.661339e-01
1832.22 8.651349e-01
1832.31 8.641359e-01
1832.46 8.631369e-01
1832.69 8.621379e-01
1832.91 8.611389e-01
1832.91 8.601399e-01
1832.93 8.591409e-01
1833.20 8.581419e-01
1833.25 8.571429e-01
1833.40 8.561439e-01
1833.61 8.551449e-01
1834.07 8.541459e-01
1834.18 8.531469e-01
1834.22 8.521479e-01
1834.28 8.511489e-01
1834.60 8.501499e-01
1834.68 8.491508e-01
1834.87 8.481518e-01
1834.94 8.471528e-01
1835.06 8.461538e-01
1835.14 8.451548e-01
1835.18 8.441558e-01
1835.30 8.431568e-01
1835.43 8.421578e-01
1835.49 8.411588e-01
1835.51 8.401598e-01
1835.59 8.391608e-01
1835.75 8.381618e-01
1835.80 8.371628e-01
1835.82 8.361638e-01
1836.17 8.351648e-01
1836.18 8.341658e-01
1836.37 8.331668e-01
1836.45 8.321678e-01
1836.47 8.311688e-01
1836.60 8.301698e-01
1836.71 8.291708e-01
1836.74 8.281718e-01
1836.77 8.271728e-01
1836.81 8.261738e-01
1836.90 8.251748e-01
1836.99 8.241758e-01
1837.05 8.231768e-01
1837.08 8.221778e-01
1837.11 8.211788e-01
1837.20 8.201798e-01
1837.26 8.191808e-01
1837.35 8.181818e-01
1837.63 8.171828e-01
1837.63 8.161838e-01
1837.65 8.151848e-01
1837.72 8.141858e-01
1837.78 8.131868e-01
1837.88 8.121878e-01
1837.89 8.111888e-01
1837.94 8.101898e-01
1837.94 8.091908e-01
1838.00 8.081918e-01
1838.06 8.071928e-01
1838.06 8.061938e-01
1838.18 8.051948e-01
1838.30 8.041958e-01
1838.37 8.031968e-01
1838.38 8.021978e-01
1838.47 8.011988e-01
1838.48 8.001998e-01
1838.58 7.992008e-01
1838.60 7.982018e-01
1838.66 7.972028e-01
1838.69 7.962038e-01
1838.71 7.952048e-01
1838.71 7.942058e-01
1838.94 7.932068e-01
1839.04 7.922078e-01
1839.08 7.912088e-01
1839.09 7.902098e-01
1839.22 7.892108e-01
1839.25 7.882118e-01
1839.25 7.872128e-01
1839.28 7.862138e-01
1839.56 7.852148e-01
1839.61 7.842158e-01
1839.67 7.832168e-01
1839.88 7.822178e-01
1839.94 7.812188e-01
1839.95 7.802198e-01
1840.02 7.792208e-01
1840.04 7.782218e-01
1840.06 7.772228e-01
1840.08 7.762238e-01
1840.16 7.752248e-01
1840.19 7.742258e-01
1840.36 7.732268e-01
1840.41 7.722278e-01
1840.46 7.712288e-01
1840.61 7.702298e-01
1840.68 7.692308e-01
1840.81 7.682318e-01
1840.84 7.672328e-01
1840.95 7.662338e-01
1841.05 7.652348e-01
1841.06 7.642358e-01
1841.18 7.632368e-01
1841.26 7.622378e-01
1841.30 7.612388e-01
1841.30 7.602398e-01
1841.32 7.592408e-01
1841.56 7.582418e-01
1841.80 7.572428e-01
1841.82 7.562438e-01
1841.85 7.552448e-01
1842.03 7.542458e-01
1842.18 7.532468e-01
1842.19 7.522478e-01
1842.23 7.512488e-01
1842.29 7.502498e-01
1842.34 7.492507e-01
1842.36 7.482517e-01
1842.41 7.472527e-01
1842.42 7.462537e-01
1842.47 7.452547e-01
1842.65 7.442557e-01
1842.67 7.432567e-01
1842.78 7.422577e-01
1842.80 7.412587e-01
1843.07 7.402597e-01
1843.07 7.392607e-01
1843.09 7.382617e-01
1843.17 7.372627e-01
1843.17 7.362637e-01
1843.27 7.352647e-01
1843.39 7.342657e-01
1843.46 7.332667e-01
1843.62 7.322677e-01
1843.62 7.312687e-01
1843.63 7.302697e-01
1843.77 7.292707e-01
1844.19 7.282717e-01
1844.41 7.272727e-01
1844.64 7.262737e-01
1844.70 7.252747e-01
1844.77 7.242757e-01
1844.77 7.232767e-01
1844.97 7.222777e-01
1845.18 7.212787e-01
1845.45 7.202797e-01
1845.75 7.192807e-01
1845.83 7.182817e-01
1845.89 7.172827e-01
1846.00 7.162837e-01
1846.02 7.152847e-01
1846.06 7.142857e-01
1846.21 7.132867e-01
1846.21 7.122877e-01
1846.21 7.112887e-01
1846.26 7.102897e-01
1846.37 7.092907e-01
1846.47 7.082917e-01
1846.56 7.072927e-01
1846.70 7.062937e-01
1846.80 7.052947e-01
1847.01 7.042957e-01
1847.41 7.032967e-01
1847.57 7.022977e-01
1847.67 7.012987e-01
1847.75 7.002997e-01
1848.08 6.993007e-01
1848.32 6.983017e-01
1848.40 6.973027e-01
1848.44 6.963037e-01
1848.47 6.953047e-01
1848.53 6.943057e-01
1848.63 6.933067e-01
1848.72 6.923077e-01
1849.06 6.913087e-01
1849.30 6.903097e-01
1849.35 6.893107e-01
1849.54 6.883117e-01
1849.57 6.873127e-01
1849.62 6.863137e-01
1849.87 6.853147e-01
1849.94 6.843157e-01
1849.95 6.833167e-01
1849.97 6.823177e-01
1850.18 6.813187e-01
1850.25 6.803197e-01
1850.33 6.793207e-01
1850.46 6.783217e-01
1850.63 6.773227e-01
1850.80 6.763237e-01
1851.17 6.753247e-01
1851.30 6.743257e-01
1851.65 6.733267e-01
1851.74 6.723277e-01
1851.87 6.713287e-01
1851.93 6.703297e-01
1852.02 6.693307e-01
1852.11 6.683317e-01
1852.12 6.673327e-01
1852.12 6.663337e-01
1852.20 6.653347e-01
1852.37 6.643357e-01
1852.42 6.633367e-01
1852.49 6.623377e-01
1852.50 6.613387e-01
1852.53 6.603397e-01
1852.90 6.593407e-01
1852.91 6.583417e-01
1852.99 6.573427e-01
1853.17 6.563437e-01
1853.32 6.553447e-01
1853.49 6.543457e-01
1853.53 6.533467e-01
1853.74 6.523477e-01
1853.82 6.513487e-01
1854.04 6.503497e-01
1854.07 6.493506e-01
1854.10 6.483516e-01
1854.68 6.473526e-01
1854.79 6.463536e-01
1854.94 6.453546e-01
1854.99 6.443556e-01
1855.22 6.433566e-01
1855.27 6.423576e-01
1855.35 6.413586e-01
1855.55 6.403596e-01
1855.59 6.393606e-01
1855.73 6.383616e-01
1855.75 6.373626e-01
1856.03 6.363636e-01
1856.08 6.353646e-01
1856.08 6.343656e-01
1856.10 6.333666e-01
1856.24 6.323676e-01
1856.39 6.313686e-01
1856.87 6.303696e-01
1856.88 6.293706e-01
1856.98 6.283716e-01
1857.00 6.273726e-01
1857.02 6.263736e-01
1857.03 6.253746e-01
1857.36 6.243756e-01
1857.55 6.233766e-01
1857.70 6.223776e-01
1857.71 6.213786e-01
1857.79 6.203796e-01
1857.90 6.193806e-01
1857.94 6.183816e-01
1857.99 6.173826e-01
1858.00 6.163836e-01
1858.00 6.153846e-01
1858.22 6.143856e-01
1858.24 6.133866e-01
1858.27 6.123876e-01
1858.34 6.113886e-01
1858.35 6.103896e-01
1858.43 6.093906e-01
1858.44 6.083916e-01
1858.49 6.073926e-01
1858.57 6.063936e-01
1858.65 6.053946e-01
1858.67 6.043956e-01
1858.74 6.033966e-01
1858.79 6.023976e-01
1858.82 6.013986e-01
1858.82 6.003996e-01
1858.85 5.994006e-01
1858.91 5.984016e-01
1859.15 5.974026e-01
1859.17 5.964036e-01
1859.21 5.954046e-01
1859.34 5.944056e-01
1859.35 5.934066e-01
1859.48 5.924076e-01
1859.51 5.914086e-01
1859.61 5.904096e-01
1859.68 5.894106e-01
1859.85 5.884116e-01
1859.86 5.874126e-01
1859.96 5.864136e-01
1860.04 5.854146e-01
1860.22 5.844156e-01
1860.29 5.834166e-01
1860.32 5.824176e-01
1860.37 5.814186e-01
1860.48 5.804196e-01
1860.53 5.794206e-01
1860.64 5.784216e-01
1860.64 5.774226e-01
1860.73 5.764236e-01
1861.00 5.754246e-01
1861.14 5.744256e-01
1861.17 5.734266e-01
1861.21 5.724276e-01
1861.26 5.714286e-01
1861.30 5.704296e-01
1861.38 5.694306e-01
1861.56 5.684316e-01
1861.63 5.674326e-01
1861.73 5.664336e-01
1861.80 5.654346e-01
1861.90 5.644356e-01
1861.91 5.634366e-01
1862.05 5.624376e-01
1862.22 5.614386e-01
1862.25 5.604396e-01
1862.27 5.594406e-01
1862.28 5.584416e-01
1862.36 5.574426e-01
1862.39 5.564436e-01
1862.41 5.554446e-01
1862.43 5.544456e-01
1862.44 5.534466e-01
1862.47 5.524476e-01
1862.64 5.514486e-01
1862.79 5.504496e-01
1862.91 5.494505e-01
1862.99 5.484515e-01
1863.22 5.474525e-01
1863.37 5.464535e-01
1863.55 5.454545e-01
1863.71 5.444555e-01
1863.81 5.434565e-01
1863.82 5.424575e-01
1863.83 5.414585e-01
1863.92 5.404595e-01
1864.04 5.394605e-01
1864.26 5.384615e-01
1864.33 5.374625e-01
1864.46 5.364635e-01
1864.49 5.354645e-01
1864.57 5.344655e-01
1864.82 5.334665e-01
1864.85 5.324675e-01
1864.99 5.314685e-01
1865.06 5.304695e-01
1865.09 5.294705e-01
1865.17 5.284715e-01
1865.30 5.274725e-01
1865.49 5.264735e-01
1865.51 5.254745e-01
1865.64 5.244755e-01
1865.74 5.234765e-01
1866.14 5.224775e-01
1866.19 5.214785e-01
1866.20 5.204795e-01
1866.23 5.194805e-01
1866.28 5.184815e-01
1866.51 5.174825e-01
1866.53 5.164835e-01
1866.73 5.154845e-01
1866.74 5.144855e-01
1866.77 5.134865e-01
1866.80 5.124875e-01
1867.11 5.114885e-01
1867.31 5.104895e-01
1867.40 5.094905e-01
1867.41 5.084915e-01
1867.43 5.074925e-01
1867.70 5.064935e-01
1867.79 5.054945e-01
1867.93 5.044955e-01
1868.04 5.034965e-01
1868.53 5.024975e-01
1868.81 5.014985e-01
1868.88 5.004995e-01
1868.97 4.995005e-01
1869.35 4.985015e-01
1869.36 4.975025e-01
1869.44 4.965035e-01
1869.45 4.955045e-01
1869.59 4.945055e-01
1869.70 4.935065e-01
1869.74 4.925075e-01
1869.97 4.915085e-01
1870.00 4.905095e-01
1870.13 4.895105e-01
1870.14 4.885115e-01
1870.22 4.875125e-01
1870.29 4.865135e-01
1870.41 4.855145e-01
1870.41 4.845155e-01
1870.45 4.835165e-01
1870.50 4.825175e-01
1870.55 4.815185e-01
1870.92 4.805195e-01
1870.98 4.795205e-01
1871.32 4.785215e-01
1871.38 4.775225e-01
1871.46 4.765235e-01
1871.59 4.755245e-01
1871.62 4.745255e-01
1871.76 4.735265e-01
1871.77 4.725275e-01
1871.78 4.715285e-01
1871.81 4.705295e-01
1871.84 4.695305e-01
1871.89 4.685315e-01
1871.93 4.675325e-01
1871.95 4.665335e-01
1871.96 4.655345e-01
1871.99 4.645355e-01
1872.10 4.635365e-01
1872.29 4.625375e-01
1872.35 4.615385e-01
1872.37 4.605395e-01
1872.38 4.595405e-01
1872.46 4.585415e-01
1872.48 4.575425e-01
1872.79 4.565435e-01
1873.10 4.555445e-01
1873.12 4.545455e-01
1873.13 4.535465e-01
1873.15 4.525475e-01
1873.31 4.515485e-01
1873.31 4.505495e-01
1873.35 4.495504e-01
1873.41 4.485514e-01
1873.53 4.475524e-01
1873.77 4.465534e-01
1873.78 4.455544e-01
1873.96 4.445554e-01
1873.97 4.435564e-01
1874.04 4.425574e-01
1874.30 4.415584e-01
1874.33 4.405594e-01
1874.40 4.395604e-01
1874.49 4.385614e-01
1874.50 4.375624e-01
1874.54 4.365634e-01
1874.61 4.355644e-01
1874.65 4.345654e-01
1874.71 4.335664e-01
1874.75 4.325674e-01
1874.84 4.315684e-01
1874.87 4.305694e-01
1874.97 4.295704e-01
1874.98 4.285714e-01
1875.04 4.275724e-01
1875.15 4.265734e-01
1875.32 4.255744e-01
1875.38 4.245754e-01
1875.45 4.235764e-01
1875.51 4.225774e-01
1875.54 4.215784e-01
1875.56 4.205794e-01
1875.64 4.195804e-01
1875.66 4.185814e-01
1875.68 4.175824e-01
1875.89 4.165834e-01
1876.00 4.155844e-01
1876.01 4.145854e-01
1876.05 4.135864e-01
1876.14 4.125874e-01
1876.34 4.115884e-01
1876.45 4.105894e-01
1876.46 4.095904e-01
1876.62 4.085914e-01
1876.74 4.075924e-01
1876.92 4.065934e-01
1876.97 4.055944e-01
1877.32 4.045954e-01
1877.47 4.035964e-01
1877.55 4.025974e-01
1877.70 4.015984e-01
1877.73 4.005994e-01
1877.75 3.996004e-01
1877.82 3.986014e-01
1877.82 3.976024e-01
1877.83 3.966034e-01
1877.91 3.956044e-01
1878.17 3.946054e-01
1878.34 3.936064e-01
1878.36 3.926074e-01
1878.45 3.916084e-01
1878.50 3.906094e-01
1878.56 3.896104e-01
1878.72 3.886114e-01
1879.05 3.876124e-01
1879.14 3.866134e-01
1879.54 3.856144e-01
1879.62 3.846154e-01
1879.97 3.836164e-01
1880.05 3.826174e-01
1880.07 3.816184e-01
1880.21 3.806194e-01
1880.21 3.796204e-01
1880.33 3.786214e-01
1880.74 3.776224e-01
1880.74 3.766234e-01
1880.87 3.756244e-01
1880.91 3.746254e-01
1880.92 3.736264e-01
1880.92 3.726274e-01
1881.38 3.716284e-01
1881.43 3.706294e-01
1881.48 3.696304e-01
1881.72 3.686314e-01
1881.87 3.676324e-01
1882.20 3.666334e-01
1882.20 3.656344e-01
1882.32 3.646354e-01
1883.00 3.636364e-01
1883.06 3.626374e-01
1883.11 3.616384e-01
1883.11 3.606394e-01
1883.15 3.596404e-01
1883.35 3.586414e-01
1883.57 3.576424e-01
1883.59 3.566434e-01
1883.67 3.556444e-01
1883.83 3.546454e-01
1883.90 3.536464e-01
1884.11 3.526474e-01
1884.50 3.516484e-01
1884.65 3.506494e-01
1885.12 3.496503e-01
1885.48 3.486513e-01
1885.78 3.476523e-01
1885.79 3.466533e-01
1885.83 3.456543e-01
1885.85 3.446553e-01
1886.10 3.436563e-01
1886.29 3.426573e-01
1886.43 3.416583e-01
1886.76 3.406593e-01
1887.62 3.396603e-01
1888.32 3.386613e-01
1888.56 3.376623e-01
1888.62 3.366633e-01
1889.36 3.356643e-01
1889.51 3.346653e-01
1889.73 3.336663e-01
1890.30 3.326673e-01
1890.38 3.316683e-01
1890.60 3.306693e-01
1890.97 3.296703e-01
1891.06 3.286713e-01
1891.45 3.276723e-01
1891.69 3.266733e-01
1892.03 3.256743e-01
1892.04 3.246753e-01
1892.11 3.236763e-01
1892.12 3.226773e-01
1892.29 3.216783e-01
1892.90 3.206793e-01
1892.95 3.196803e-01
1893.14 3.186813e-01
1893.60 3.176823e-01
1893.87 3.166833e-01
1894.76 3.156843e-01
1894.78 3.146853e-01
1894.81 3.136863e-01
1895.46 3.126873e-01
1895.97 3.116883e-01
1896.53 3.106893e-01
1896.54 3.096903e-01
1897.01 3.086913e-01
1897.19 3.076923e-01
1897.45 3.066933e-01
1897.78 3.056943e-01
1897.78 3.046953e-01
1898.44 3.036963e-01
1898.61 3.026973e-01
1898.72 3.016983e-01
1899.05 3.006993e-01
1899.46 2.997003e-01
1899.59 2.987013e-01
1900.08 2.977023e-01
1901.07 2.967033e-01
1901.10 2.957043e-01
1902.44 2.947053e-01
1902.88 2.937063e-01
1903.63 2.927073e-01
1903.76 2.917083e-01
1903.94 2.907093e-01
1904.08 2.897103e-01
1905.69 2.887113e-01
1905.71 2.877123e-01
1905.86 2.867133e-01
1906.31 2.857143e-01
1906.44 2.847153e-01
1906.65 2.837163e-01
1907.80 2.827173e-01
1907.93 2.817183e-01
1908.44 2.807193e-01
1909.13 2.797203e-01
1909.20 2.787213e-01
1909.42 2.777223e-01
1909.62 2.767233e-01
1910.05 2.757243e-01
1910.25 2.747253e-01
1910.35 2.737263e-01
1910.67 2.727273e-01
1910.71 2.717283e-01
1911.89 2.707293e-01
1911.90 2.697303e-01
1912.57 2.687313e-01
1913.02 2.677323e-01
1913.87 2.667333e-01
1913.94 2.657343e-01
1914.44 2.647353e-01
1914.78 2.637363e-01
1916.40 2.627373e-01
1916.99 2.617383e-01
1918.19 2.607393e-01
1918.20 2.597403e-01
1918.44 2.587413e-01
1918.47 2.577423e-01
1918.72 2.567433e-01
1918.90 2.557443e-01
1919.02 2.547453e-01
1919.61 2.537463e-01
1919.79 2.527473e-01
1919.80 2.517483e-01
1920.52 2.507493e-01
1920.75 2.497502e-01
1921.00 2.487512e-01
1921.12 2.477522e-01
1921.91 2.467532e-01
1922.10 2.457542e-01
1922.88 2.447552e-01
1923.17 2.437562e-01
1923.25 2.427572e-01
1923.54 2.417582e-01
1923.99 2.407592e-01
1924.36 2.397602e-01
1924.79 2.387612e-01
1924.89 2.377622e-01
1925.29 2.367632e-01
1926.14 2.357642e-01
1926.28 2.347652e-01
1928.06 2.337662e-01
1929.32 2.327672e-01
1931.15 2.317682e-01
1931.36 2.307692e-01
1931.60 2.297702e-01
1932.14 2.287712e-01
1932.45 2.277722e-01
1933.16 2.267732e-01
1933.99 2.257742e-01
1934.18 2.247752e-01
1934.57 2.237762e-01
1934.77 2.227772e-01
1935.43 2.217782e-01
1937.24 2.207792e-01
1938.85 2.197802e-01
1939.22 2.187812e-01
1939.41 2.177822e-01
1939.88 2.167832e-01
1940.04 2.157842e-01
1940.37 2.147852e-01
1940.46 2.137862e-01
1940.48 2.127872e-01
1941.17 2.117882e-01
1943.02 2.107892e-01
1943.41 2.097902e-01
1943.52 2.087912e-01
1943.97 2.077922e-01
1944.26 2.067932e-01
1944.51 2.057942e-01
1944.55 2.047952e-01
1946.22 2.037962e-01
1946.34 2.027972e-01
1946.61 2.017982e-01
1947.61 2.007992e-01
1949.17 1.998002e-01
1949.48 1.988012e-01
1949.50 1.978022e-01
1950.70 1.968032e-01
1951.13 1.958042e-01
1951.37 1.948052e-01
1951.44 1.938062e-01
1952.53 1.928072e-01
1953.02 1.918082e-01
1953.31 1.908092e-01
1953.96 1.898102e-01
1956.39 1.888112e-01
1957.32 1.878122e-01
1957.92 1.868132e-01
1958.00 1.858142e-01
1960.16 1.848152e-01
1960.47 1.838162e-01
1960.64 1.828172e-01
1960.67 1.818182e-01
1961.93 1.808192e-01
1962.65 1.798202e-01
1962.69 1.788212e-01
1965.65 1.778222e-01
1966.27 1.768232e-01
1966.77 1.758242e-01
1967.40 1.748252e-01
1967.50 1.738262e-01
1968.75 1.728272e-01
1970.35 1.718282e-01
1970.49 1.708292e-01
1971.10 1.698302e-01
1971.21 1.688312e-01
1971.93 1.678322e-01
1972.14 1.668332e-01
1974.75 1.658342e-01
1976.61 1.648352e-01
1977.89 1.638362e-01
1979.17 1.628372e-01
1979.17 1.618382e-01
1980.33 1.608392e-01
1980.73 1.598402e-01
1982.01 1.588412e-01
1982.73 1.578422e-01
1983.98 1.568432e-01
1984.67 1.558442e-01
1985.25 1.548452e-01
1987.88 1.538462e-01
1988.14 1.528472e-01
1988.78 1.518482e-01
1989.74 1.508492e-01
1991.75 1.498501e-01
1992.79 1.488511e-01
1992.94 1.478521e-01
1995.52 1.468531e-01
1996.61 1.458541e-01
1996.68 1.448551e-01
1998.17 1.438561e-01
1998.26 1.428571e-01
1999.50 1.418581e-01
1999.92 1.408591e-01
2000.34 1.398601e-01
2000.37 1.388611e-01
2000.65 1.378621e-01
2000.97 1.368631e-01
2002.21 1.358641e-01
2002.46 1.348651e-01
2005.26 1.338661e-01
2006.39 1.328671e-01
2007.24 1.318681e-01
2009.10 1.308691e-01
2009.56 1.298701e-01
2012.15 1.288711e-01
2018.47 1.278721e-01
2024.36 1.268731e-01
2026.20 1.258741e-01
2026.64 1.248751e-01
2029.99 1.238761e-01
2031.90 1.228771e-01
2036.36 1.218781e-01
2040.81 1.208791e-01
2043.72 1.198801e-01
2051.21 1.188811e-01
2055.01 1.178821e-01
2055.51 1.168831e-01
2058.54 1.158841e-01
2058.65 1.148851e-01
2060.33 1.138861e-01
2062.88 1.128871e-01
2063.22 1.118881e-01
2063.25 1.108891e-01
2065.89 1.098901e-01
2065.98 1.088911e-01
2068.11 1.078921e-01
2068.89 1.068931e-01
2069.44 1.058941e-01
2069.60 1.048951e-01
2070.90 1.038961e-01
2071.92 1.028971e-01
2076.66 1.018981e-01
2089.92 1.008991e-01
2094.03 9.990010e-02
2097.92 9.890110e-02
2101.45 9.790210e-02
2102.05 9.690310e-02
2105.28 9.590410e-02
2107.61 9.490509e-02
2116.30 9.390609e-02
2116.63 9.290709e-02
2119.28 9.190809e-02
2119.76 9.090909e-02
2123.46 8.991009e-02
2124.04 8.891109e-02
2125.07 8.791209e-02
2125.08 8.691309e-02
2128.13 8.591409e-02
2129.07 8.491508e-02
2133.05 8.391608e-02
2134.13 8.291708e-02
2134.74 8.191808e-02
2136.12 8.091908e-02
2140.12 7.992008e-02
2145.49 7.892108e-02
2157.83 7.792208e-02
2160.37 7.692308e-02
2171.02 7.592408e-02
2173.55 7.492507e-02
2173.61 7.392607e-02
2180.99 7.292707e-02
2191.17 7.192807e-02
2194.43 7.092907e-02
2206.01 6.993007e-02
2209.52 6.893107e-02
2212.92 6.793207e-02
2224.03 6.693307e-02
2224.40 6.593407e-02
2228.34 6.493506e-02
2228.36 6.393606e-02
2243.14 6.293706e-02
2255.53 6.193806e-02
2255.69 6.093906e-02
2271.14 5.994006e-02
2274.76 5.894106e-02
2281.40 5.794206e-02
2283.44 5.694306e-02
2285.87 5.594406e-02
2302.57 5.494505e-02
2305.24 5.394605e-02
2315.30 5.294705e-02
2319.73 5.194805e-02
2321.04 5.094905e-02
2326.66 4.995005e-02
2334.25 4.895105e-02
2344.96 4.795205e-02
2351.61 4.695305e-02
2352.80 4.595405e-02
2354.94 4.495504e-02
2355.68 4.395604e-02
2379.40 4.295704e-02
2388.14 4.195804e-02
2392.86 4.095904e-02
2392.94 3.996004e-02
2400.08 3.896104e-02
2408.57 3.796204e-02
2411.61 3.696304e-02
2420.35 3.596404e-02
2420.95 3.496503e-02
2421.49 3.396603e-02
2430.23 3.296703e-02
2475.91 3.196803e-02
2498.11 3.096903e-02
2503.00 2.997003e-02
2520.51 2.897103e-02
2520.63 2.797203e-02
2606.38 2.697303e-02
2655.44 2.597403e-02
2663.19 2.497502e-02
2678.03 2.397602e-02
2686.45 2.297702e-02
2711.14 2.197802e-02
2747.11 2.097902e-02
2885.33 1.998002e-02
2896.82 1.898102e-02
2897.13 1.798202e-02
2906.82 1.698302e-02
2932.54 1.598402e-02
2955.16 1.498501e-02
3051.34 1.398601e-02
3099.24 1.298701e-02
3100.54 1.198801e-02
3199.24 1.098901e-02
3250.55 9.990010e-03
3578.10 8.991009e-03
3593.27 7.992008e-03
3646.32 6.993007e-03
4185.13 5.994006e-03
4312.15 4.995005e-03
4353.59 3.996004e-03
4881.77 2.997003e-03
6074.31 1.998002e-03
6988.16 9.990010e-04
