latency_us exceedance
612.20 9.990010e-01
613.60 9.980020e-01
614.40 9.970030e-01
615.50 9.960040e-01
615.60 9.950050e-01
616.00 9.940060e-01
616.10 9.930070e-01
616.30 9.920080e-01
616.40 9.910090e-01
616.50 9.900100e-01
616.60 9.890110e-01
616.60 9.880120e-01
616.90 9.870130e-01
617.00 9.860140e-01
617.20 9.850150e-01
617.20 9.840160e-01
617.30 9.830170e-01
617.30 9.820180e-01
617.70 9.810190e-01
617.70 9.800200e-01
617.90 9.790210e-01
618.00 9.780220e-01
618.20 9.770230e-01
618.20 9.760240e-01
618.20 9.750250e-01
618.50 9.740260e-01
618.60 9.730270e-01
618.60 9.720280e-01
618.70 9.710290e-01
618.80 9.700300e-01
619.00 9.690310e-01
619.10 9.680320e-01
619.10 9.670330e-01
619.20 9.660340e-01
619.20 9.650350e-01
619.20 9.640360e-01
619.30 9.630370e-01
619.30 9.620380e-01
619.40 9.610390e-01
619.50 9.600400e-01
619.50 9.590410e-01
619.60 9.580420e-01
619.80 9.570430e-01
619.80 9.560440e-01
620.00 9.550450e-01
620.10 9.540460e-01
620.10 9.530470e-01
620.20 9.520480e-01
620.30 9.510490e-01
620.50 9.500500e-01
620.50 9.490509e-01
620.60 9.480519e-01
620.60 9.470529e-01
620.70 9.460539e-01
621.00 9.450549e-01
621.10 9.440559e-01
621.20 9.430569e-01
621.20 9.420579e-01
621.30 9.410589e-01
621.40 9.400599e-01
621.40 9.390609e-01
621.50 9.380619e-01
621.50 9.370629e-01
621.70 9.360639e-01
621.80 9.350649e-01
621.80 9.340659e-01
621.90 9.330669e-01
622.00 9.320679e-01
622.00 9.310689e-01
622.00 9.300699e-01
622.00 9.290709e-01
622.10 9.280719e-01
622.10 9.270729e-01
622.20 9.260739e-01
622.20 9.250749e-01
622.30 9.240759e-01
622.30 9.230769e-01
622.50 9.220779e-01
622.50 9.210789e-01
622.60 9.200799e-01
622.70 9.190809e-01
622.80 9.180819e-01
622.90 9.170829e-01
622.90 9.160839e-01
623.00 9.150849e-01
623.00 9.140859e-01
623.10 9.130869e-01
623.10 9.120879e-01
623.20 9.110889e-01
623.30 9.100899e-01
623.40 9.090909e-01
623.40 9.080919e-01
623.50 9.070929e-01
623.50 9.060939e-01
623.60 9.050949e-01
623.60 9.040959e-01
623.70 9.030969e-01
623.70 9.020979e-01
623.70 9.010989e-01
623.70 9.000999e-01
623.80 8.991009e-01
623.80 8.981019e-01
623.90 8.971029e-01
624.00 8.961039e-01
624.00 8.951049e-01
624.00 8.941059e-01
624.10 8.931069e-01
624.10 8.921079e-01
624.10 8.911089e-01
624.10 8.901099e-01
624.20 8.891109e-01
624.20 8.881119e-01
624.20 8.871129e-01
624.30 8.861139e-01
624.30 8.851149e-01
624.40 8.841159e-01
624.50 8.831169e-01
624.50 8.821179e-01
624.50 8.811189e-01
624.50 8.801199e-01
624.50 8.791209e-01
624.50 8.781219e-01
624.60 8.771229e-01
624.60 8.761239e-01
624.70 8.751249e-01
624.70 8.741259e-01
624.70 8.731269e-01
624.80 8.721279e-01
624.90 8.711289e-01
624.90 8.701299e-01
624.90 8.691309e-01
624.90 8.681319e-01
625.00 8.671329e-01
625.10 8.661339e-01
625.10 8.651349e-01
625.20 8.641359e-01
625.20 8.631369e-01
625.20 8.621379e-01
625.20 8.611389e-01
625.20 8.601399e-01
625.30 8.591409e-01
625.40 8.581419e-01
625.40 8.571429e-01
625.40 8.561439e-01
625.50 8.551449e-01
625.50 8.541459e-01
625.60 8.531469e-01
625.60 8.521479e-01
625.60 8.511489e-01
625.70 8.501499e-01
625.70 8.491508e-01
625.70 8.481518e-01
625.70 8.471528e-01
625.80 8.461538e-01
625.80 8.451548e-01
625.80 8.441558e-01
625.90 8.431568e-01
625.90 8.421578e-01
625.90 8.411588e-01
625.90 8.401598e-01
625.90 8.391608e-01
625.90 8.381618e-01
625.90 8.371628e-01
625.90 8.361638e-01
626.00 8.351648e-01
626.00 8.341658e-01
626.10 8.331668e-01
626.10 8.321678e-01
626.20 8.311688e-01
626.20 8.301698e-01
626.20 8.291708e-01
626.40 8.281718e-01
626.40 8.271728e-01
626.40 8.261738e-01
626.40 8.251748e-01
626.50 8.241758e-01
626.60 8.231768e-01
626.60 8.221778e-01
626.70 8.211788e-01
626.70 8.201798e-01
626.70 8.191808e-01
626.90 8.181818e-01
626.90 8.171828e-01
627.00 8.161838e-01
627.00 8.151848e-01
627.00 8.141858e-01
627.10 8.131868e-01
627.10 8.121878e-01
627.20 8.111888e-01
627.20 8.101898e-01
627.20 8.091908e-01
627.20 8.081918e-01
627.30 8.071928e-01
627.40 8.061938e-01
627.40 8.051948e-01
627.50 8.041958e-01
627.60 8.031968e-01
627.60 8.021978e-01
627.60 8.011988e-01
627.70 8.001998e-01
627.80 7.992008e-01
627.80 7.982018e-01
627.80 7.972028e-01
627.90 7.962038e-01
628.00 7.952048e-01
628.30 7.942058e-01
628.30 7.932068e-01
628.40 7.922078e-01
628.40 7.912088e-01
628.40 7.902098e-01
628.60 7.892108e-01
628.60 7.882118e-01
628.70 7.872128e-01
628.90 7.862138e-01
628.90 7.852148e-01
629.10 7.842158e-01
629.30 7.832168e-01
629.30 7.822178e-01
629.40 7.812188e-01
629.40 7.802198e-01
629.50 7.792208e-01
629.60 7.782218e-01
629.60 7.772228e-01
629.70 7.762238e-01
629.80 7.752248e-01
629.80 7.742258e-01
629.80 7.732268e-01
629.90 7.722278e-01
629.90 7.712288e-01
630.00 7.702298e-01
630.00 7.692308e-01
630.10 7.682318e-01
630.20 7.672328e-01
630.20 7.662338e-01
630.30 7.652348e-01
630.30 7.642358e-01
630.40 7.632368e-01
630.40 7.622378e-01
630.50 7.612388e-01
630.60 7.602398e-01
630.70 7.592408e-01
630.80 7.582418e-01
630.90 7.572428e-01
630.90 7.562438e-01
631.30 7.552448e-01
631.40 7.542458e-01
631.70 7.532468e-01
631.80 7.522478e-01
631.90 7.512488e-01
632.10 7.502498e-01
632.10 7.492507e-01
632.20 7.482517e-01
632.40 7.472527e-01
632.40 7.462537e-01
632.40 7.452547e-01
632.50 7.442557e-01
632.70 7.432567e-01
632.80 7.422577e-01
632.90 7.412587e-01
632.90 7.402597e-01
633.10 7.392607e-01
633.20 7.382617e-01
633.20 7.372627e-01
633.30 7.362637e-01
633.40 7.352647e-01
633.40 7.342657e-01
633.50 7.332667e-01
633.60 7.322677e-01
633.60 7.312687e-01
633.80 7.302697e-01
633.90 7.292707e-01
634.10 7.282717e-01
634.20 7.272727e-01
634.30 7.262737e-01
634.50 7.252747e-01
634.50 7.242757e-01
634.60 7.232767e-01
634.80 7.222777e-01
634.90 7.212787e-01
635.00 7.202797e-01
635.20 7.192807e-01
635.50 7.182817e-01
635.60 7.172827e-01
635.70 7.162837e-01
635.80 7.152847e-01
635.80 7.142857e-01
635.90 7.132867e-01
636.10 7.122877e-01
636.20 7.112887e-01
636.30 7.102897e-01
636.70 7.092907e-01
636.70 7.082917e-01
636.80 7.072927e-01
636.80 7.062937e-01
637.20 7.052947e-01
637.70 7.042957e-01
637.70 7.032967e-01
637.70 7.022977e-01
637.80 7.012987e-01
637.80 7.002997e-01
637.80 6.993007e-01
637.90 6.983017e-01
638.20 6.973027e-01
638.30 6.963037e-01
638.30 6.953047e-01
638.70 6.943057e-01
638.70 6.933067e-01
638.80 6.923077e-01
638.80 6.913087e-01
638.80 6.903097e-01
639.10 6.893107e-01
639.20 6.883117e-01
639.30 6.873127e-01
639.50 6.863137e-01
639.80 6.853147e-01
640.10 6.843157e-01
640.10 6.833167e-01
640.30 6.823177e-01
640.40 6.813187e-01
640.50 6.803197e-01
640.70 6.793207e-01
640.70 6.783217e-01
640.80 6.773227e-01
641.10 6.763237e-01
641.10 6.753247e-01
641.30 6.743257e-01
641.40 6.733267e-01
641.40 6.723277e-01
641.50 6.713287e-01
641.50 6.703297e-01
641.50 6.693307e-01
641.60 6.683317e-01
641.70 6.673327e-01
641.70 6.663337e-01
641.80 6.653347e-01
641.80 6.643357e-01
641.80 6.633367e-01
641.90 6.623377e-01
641.90 6.613387e-01
642.20 6.603397e-01
642.30 6.593407e-01
642.40 6.583417e-01
642.50 6.573427e-01
642.70 6.563437e-01
642.70 6.553447e-01
642.80 6.543457e-01
642.80 6.533467e-01
643.00 6.523477e-01
643.10 6.513487e-01
643.40 6.503497e-01
643.50 6.493506e-01
643.60 6.483516e-01
643.60 6.473526e-01
643.70 6.463536e-01
643.70 6.453546e-01
643.70 6.443556e-01
643.80 6.433566e-01
643.80 6.423576e-01
643.90 6.413586e-01
643.90 6.403596e-01
644.00 6.393606e-01
644.10 6.383616e-01
644.20 6.373626e-01
644.20 6.363636e-01
644.20 6.353646e-01
644.30 6.343656e-01
644.80 6.333666e-01
644.90 6.323676e-01
644.90 6.313686e-01
644.90 6.303696e-01
645.00 6.293706e-01
645.10 6.283716e-01
645.20 6.273726e-01
645.50 6.263736e-01
645.60 6.253746e-01
645.60 6.243756e-01
645.80 6.233766e-01
645.80 6.223776e-01
646.00 6.213786e-01
646.00 6.203796e-01
646.10 6.193806e-01
646.10 6.183816e-01
646.10 6.173826e-01
646.20 6.163836e-01
646.20 6.153846e-01
646.20 6.143856e-01
646.30 6.133866e-01
646.40 6.123876e-01
646.50 6.113886e-01
646.50 6.103896e-01
646.60 6.093906e-01
646.60 6.083916e-01
646.70 6.073926e-01
646.90 6.063936e-01
647.00 6.053946e-01
647.10 6.043956e-01
647.30 6.033966e-01
647.50 6.023976e-01
647.60 6.013986e-01
647.70 6.003996e-01
647.70 5.994006e-01
647.80 5.984016e-01
648.20 5.974026e-01
648.20 5.964036e-01
648.20 5.954046e-01
648.30 5.944056e-01
648.30 5.934066e-01
648.40 5.924076e-01
648.50 5.914086e-01
648.50 5.904096e-01
648.60 5.894106e-01
648.60 5.884116e-01
648.70 5.874126e-01
648.70 5.864136e-01
648.90 5.854146e-01
648.90 5.844156e-01
649.00 5.834166e-01
649.00 5.824176e-01
649.00 5.814186e-01
649.10 5.804196e-01
649.30 5.794206e-01
649.40 5.784216e-01
649.60 5.774226e-01
649.80 5.764236e-01
649.90 5.754246e-01
649.90 5.744256e-01
650.00 5.734266e-01
650.10 5.724276e-01
650.30 5.714286e-01
650.30 5.704296e-01
650.30 5.694306e-01
650.40 5.684316e-01
650.50 5.674326e-01
650.50 5.664336e-01
650.50 5.654346e-01
650.60 5.644356e-01
650.60 5.634366e-01
651.10 5.624376e-01
651.10 5.614386e-01
651.20 5.604396e-01
651.20 5.594406e-01
651.30 5.584416e-01
651.30 5.574426e-01
651.50 5.564436e-01
651.50 5.554446e-01
651.70 5.544456e-01
651.80 5.534466e-01
651.90 5.524476e-01
652.00 5.514486e-01
652.20 5.504496e-01
652.20 5.494505e-01
652.20 5.484515e-01
652.30 5.474525e-01
652.40 5.464535e-01
652.40 5.454545e-01
652.40 5.444555e-01
652.50 5.434565e-01
652.70 5.424575e-01
652.70 5.414585e-01
652.80 5.404595e-01
652.80 5.394605e-01
652.80 5.384615e-01
652.80 5.374625e-01
652.90 5.364635e-01
652.90 5.354645e-01
652.90 5.344655e-01
653.10 5.334665e-01
653.10 5.324675e-01
653.10 5.314685e-01
653.10 5.304695e-01
653.20 5.294705e-01
653.20 5.284715e-01
653.20 5.274725e-01
653.30 5.264735e-01
653.40 5.254745e-01
653.50 5.244755e-01
653.60 5.234765e-01
653.60 5.224775e-01
653.70 5.214785e-01
653.80 5.204795e-01
653.90 5.194805e-01
654.00 5.184815e-01
654.00 5.174825e-01
654.10 5.164835e-01
654.10 5.154845e-01
654.30 5.144855e-01
654.30 5.134865e-01
654.40 5.124875e-01
654.50 5.114885e-01
654.80 5.104895e-01
654.90 5.094905e-01
655.00 5.084915e-01
655.10 5.074925e-01
655.10 5.064935e-01
655.20 5.054945e-01
655.30 5.044955e-01
655.30 5.034965e-01
655.30 5.024975e-01
655.40 5.014985e-01
655.80 5.004995e-01
655.80 4.995005e-01
655.90 4.985015e-01
656.00 4.975025e-01
656.10 4.965035e-01
656.10 4.955045e-01
656.30 4.945055e-01
656.30 4.935065e-01
656.40 4.925075e-01
656.50 4.915085e-01
656.60 4.905095e-01
656.80 4.895105e-01
656.80 4.885115e-01
656.90 4.875125e-01
656.90 4.865135e-01
656.90 4.855145e-01
657.00 4.845155e-01
657.10 4.835165e-01
657.20 4.825175e-01
657.20 4.815185e-01
657.40 4.805195e-01
657.50 4.795205e-01
657.60 4.785215e-01
657.60 4.775225e-01
657.70 4.765235e-01
657.80 4.755245e-01
657.80 4.745255e-01
657.90 4.735265e-01
658.00 4.725275e-01
658.00 4.715285e-01
658.00 4.705295e-01
658.00 4.695305e-01
658.20 4.685315e-01
658.30 4.675325e-01
658.30 4.665335e-01
658.40 4.655345e-01
658.50 4.645355e-01
658.50 4.635365e-01
658.50 4.625375e-01
658.70 4.615385e-01
658.70 4.605395e-01
658.80 4.595405e-01
658.80 4.585415e-01
659.00 4.575425e-01
659.10 4.565435e-01
659.20 4.555445e-01
659.20 4.545455e-01
659.30 4.535465e-01
659.30 4.525475e-01
659.30 4.515485e-01
659.30 4.505495e-01
659.30 4.495504e-01
659.40 4.485514e-01
659.40 4.475524e-01
659.40 4.465534e-01
659.50 4.455544e-01
659.60 4.445554e-01
659.60 4.435564e-01
659.70 4.425574e-01
659.80 4.415584e-01
659.80 4.405594e-01
659.80 4.395604e-01
659.80 4.385614e-01
659.80 4.375624e-01
659.90 4.365634e-01
659.90 4.355644e-01
660.00 4.345654e-01
660.00 4.335664e-01
660.00 4.325674e-01
660.20 4.315684e-01
660.20 4.305694e-01
660.20 4.295704e-01
660.30 4.285714e-01
660.30 4.275724e-01
660.30 4.265734e-01
660.40 4.255744e-01
660.40 4.245754e-01
660.40 4.235764e-01
660.40 4.225774e-01
660.50 4.215784e-01
660.50 4.205794e-01
660.50 4.195804e-01
660.60 4.185814e-01
660.60 4.175824e-01
660.70 4.165834e-01
660.80 4.155844e-01
660.80 4.145854e-01
661.10 4.135864e-01
661.20 4.125874e-01
661.30 4.115884e-01
661.30 4.105894e-01
661.30 4.095904e-01
661.40 4.085914e-01
661.40 4.075924e-01
661.40 4.065934e-01
661.40 4.055944e-01
661.40 4.045954e-01
661.50 4.035964e-01
661.50 4.025974e-01
661.50 4.015984e-01
661.60 4.005994e-01
661.60 3.996004e-01
661.60 3.986014e-01
661.60 3.976024e-01
661.70 3.966034e-01
661.70 3.956044e-01
661.70 3.946054e-01
661.90 3.936064e-01
661.90 3.926074e-01
661.90 3.916084e-01
662.00 3.906094e-01
662.00 3.896104e-01
662.10 3.886114e-01
662.20 3.876124e-01
662.30 3.866134e-01
662.30 3.856144e-01
662.30 3.846154e-01
662.30 3.836164e-01
662.30 3.826174e-01
662.30 3.816184e-01
662.30 3.806194e-01
662.40 3.796204e-01
662.40 3.786214e-01
662.60 3.776224e-01
662.60 3.766234e-01
662.70 3.756244e-01
662.70 3.746254e-01
662.80 3.736264e-01
662.90 3.726274e-01
663.00 3.716284e-01
663.20 3.706294e-01
663.30 3.696304e-01
663.30 3.686314e-01
663.40 3.676324e-01
663.50 3.666334e-01
663.50 3.656344e-01
663.50 3.646354e-01
663.50 3.636364e-01
663.60 3.626374e-01
663.80 3.616384e-01
663.80 3.606394e-01
663.80 3.596404e-01
663.80 3.586414e-01
663.90 3.576424e-01
663.90 3.566434e-01
664.30 3.556444e-01
664.30 3.546454e-01
664.50 3.536464e-01
664.50 3.526474e-01
664.50 3.516484e-01
664.60 3.506494e-01
664.80 3.496503e-01
664.80 3.486513e-01
664.90 3.476523e-01
664.90 3.466533e-01
664.90 3.456543e-01
664.90 3.446553e-01
665.40 3.436563e-01
665.40 3.426573e-01
665.40 3.416583e-01
665.70 3.406593e-01
665.70 3.396603e-01
665.90 3.386613e-01
666.10 3.376623e-01
666.30 3.366633e-01
666.40 3.356643e-01
666.40 3.346653e-01
666.40 3.336663e-01
666.50 3.326673e-01
666.60 3.316683e-01
666.60 3.306693e-01
666.60 3.296703e-01
666.60 3.286713e-01
666.70 3.276723e-01
667.10 3.266733e-01
667.20 3.256743e-01
667.20 3.246753e-01
667.20 3.236763e-01
667.20 3.226773e-01
667.40 3.216783e-01
667.50 3.206793e-01
667.80 3.196803e-01
667.80 3.186813e-01
667.90 3.176823e-01
668.10 3.166833e-01
668.10 3.156843e-01
668.20 3.146853e-01
668.30 3.136863e-01
668.80 3.126873e-01
669.00 3.116883e-01
669.00 3.106893e-01
669.10 3.096903e-01
669.10 3.086913e-01
669.20 3.076923e-01
669.20 3.066933e-01
669.30 3.056943e-01
669.40 3.046953e-01
669.60 3.036963e-01
669.80 3.026973e-01
669.90 3.016983e-01
669.90 3.006993e-01
670.00 2.997003e-01
670.10 2.987013e-01
670.20 2.977023e-01
670.30 2.967033e-01
670.40 2.957043e-01
670.50 2.947053e-01
670.50 2.937063e-01
670.70 2.927073e-01
670.70 2.917083e-01
670.70 2.907093e-01
670.70 2.897103e-01
671.10 2.887113e-01
671.60 2.877123e-01
671.90 2.867133e-01
671.90 2.857143e-01
672.00 2.847153e-01
672.10 2.837163e-01
672.10 2.827173e-01
672.20 2.817183e-01
672.20 2.807193e-01
672.20 2.797203e-01
672.20 2.787213e-01
672.50 2.777223e-01
672.70 2.767233e-01
672.80 2.757243e-01
672.90 2.747253e-01
672.90 2.737263e-01
672.90 2.727273e-01
673.00 2.717283e-01
673.10 2.707293e-01
673.30 2.697303e-01
673.30 2.687313e-01
673.40 2.677323e-01
674.10 2.667333e-01
674.20 2.657343e-01
674.30 2.647353e-01
674.40 2.637363e-01
674.50 2.627373e-01
674.60 2.617383e-01
674.60 2.607393e-01
674.70 2.597403e-01
675.00 2.587413e-01
675.10 2.577423e-01
675.10 2.567433e-01
675.40 2.557443e-01
675.60 2.547453e-01
675.90 2.537463e-01
676.00 2.527473e-01
676.00 2.517483e-01
676.40 2.507493e-01
676.60 2.497502e-01
676.80 2.487512e-01
676.80 2.477522e-01
676.80 2.467532e-01
677.30 2.457542e-01
677.60 2.447552e-01
678.00 2.437562e-01
678.10 2.427572e-01
678.70 2.417582e-01
679.60 2.407592e-01
680.50 2.397602e-01
681.60 2.387612e-01
681.70 2.377622e-01
682.20 2.367632e-01
682.30 2.357642e-01
682.50 2.347652e-01
682.90 2.337662e-01
683.50 2.327672e-01
683.90 2.317682e-01
684.00 2.307692e-01
684.40 2.297702e-01
684.40 2.287712e-01
684.40 2.277722e-01
684.50 2.267732e-01
684.60 2.257742e-01
685.80 2.247752e-01
685.90 2.237762e-01
686.00 2.227772e-01
686.80 2.217782e-01
687.40 2.207792e-01
687.80 2.197802e-01
687.80 2.187812e-01
688.60 2.177822e-01
688.70 2.167832e-01
688.90 2.157842e-01
689.00 2.147852e-01
689.30 2.137862e-01
689.90 2.127872e-01
690.40 2.117882e-01
690.90 2.107892e-01
691.10 2.097902e-01
691.10 2.087912e-01
691.30 2.077922e-01
691.50 2.067932e-01
691.70 2.057942e-01
691.90 2.047952e-01
692.10 2.037962e-01
692.20 2.027972e-01
692.80 2.017982e-01
694.00 2.007992e-01
694.10 1.998002e-01
694.60 1.988012e-01
694.70 1.978022e-01
695.00 1.968032e-01
695.00 1.958042e-01
695.20 1.948052e-01
696.10 1.938062e-01
696.60 1.928072e-01
697.70 1.918082e-01
697.90 1.908092e-01
698.30 1.898102e-01
699.50 1.888112e-01
699.70 1.878122e-01
700.10 1.868132e-01
700.80 1.858142e-01
701.00 1.848152e-01
702.20 1.838162e-01
702.50 1.828172e-01
703.50 1.818182e-01
703.80 1.808192e-01
704.00 1.798202e-01
704.20 1.788212e-01
704.40 1.778222e-01
704.70 1.768232e-01
704.80 1.758242e-01
705.70 1.748252e-01
706.30 1.738262e-01
707.20 1.728272e-01
707.30 1.718282e-01
707.30 1.708292e-01
707.40 1.698302e-01
707.80 1.688312e-01
708.30 1.678322e-01
709.30 1.668332e-01
709.70 1.658342e-01
710.00 1.648352e-01
710.90 1.638362e-01
711.50 1.628372e-01
712.70 1.618382e-01
712.80 1.608392e-01
714.00 1.598402e-01
714.30 1.588412e-01
714.40 1.578422e-01
715.10 1.568432e-01
715.70 1.558442e-01
716.10 1.548452e-01
716.50 1.538462e-01
717.60 1.528472e-01
718.20 1.518482e-01
718.30 1.508492e-01
718.40 1.498501e-01
718.70 1.488511e-01
720.10 1.478521e-01
720.90 1.468531e-01
722.50 1.458541e-01
722.70 1.448551e-01
723.00 1.438561e-01
724.10 1.428571e-01
725.10 1.418581e-01
726.10 1.408591e-01
727.10 1.398601e-01
727.60 1.388611e-01
731.40 1.378621e-01
731.60 1.368631e-01
734.30 1.358641e-01
737.10 1.348651e-01
739.10 1.338661e-01
739.30 1.328671e-01
739.30 1.318681e-01
739.60 1.308691e-01
740.80 1.298701e-01
740.80 1.288711e-01
743.40 1.278721e-01
743.60 1.268731e-01
744.10 1.258741e-01
745.30 1.248751e-01
746.40 1.238761e-01
747.30 1.228771e-01
748.30 1.218781e-01
750.60 1.208791e-01
750.70 1.198801e-01
750.80 1.188811e-01
753.80 1.178821e-01
754.20 1.168831e-01
764.50 1.158841e-01
767.40 1.148851e-01
771.80 1.138861e-01
772.60 1.128871e-01
775.20 1.118881e-01
781.30 1.108891e-01
781.60 1.098901e-01
786.30 1.088911e-01
789.50 1.078921e-01
790.70 1.068931e-01
791.50 1.058941e-01
791.80 1.048951e-01
791.90 1.038961e-01
792.30 1.028971e-01
795.60 1.018981e-01
797.30 1.008991e-01
801.80 9.990010e-02
802.70 9.890110e-02
805.30 9.790210e-02
805.60 9.690310e-02
806.20 9.590410e-02
807.10 9.490509e-02
809.10 9.390609e-02
810.70 9.290709e-02
812.10 9.190809e-02
817.00 9.090909e-02
818.50 8.991009e-02
820.40 8.891109e-02
820.90 8.791209e-02
832.10 8.691309e-02
836.80 8.591409e-02
842.90 8.491508e-02
845.30 8.391608e-02
858.00 8.291708e-02
859.50 8.191808e-02
859.60 8.091908e-02
868.70 7.992008e-02
869.30 7.892108e-02
873.50 7.792208e-02
873.70 7.692308e-02
876.90 7.592408e-02
881.30 7.492507e-02
891.30 7.392607e-02
892.20 7.292707e-02
893.10 7.192807e-02
893.20 7.092907e-02
895.90 6.993007e-02
900.50 6.893107e-02
903.30 6.793207e-02
904.80 6.693307e-02
911.60 6.593407e-02
911.70 6.493506e-02
920.30 6.393606e-02
921.80 6.293706e-02
921.80 6.193806e-02
926.70 6.093906e-02
934.00 5.994006e-02
935.10 5.894106e-02
940.20 5.794206e-02
940.90 5.694306e-02
945.90 5.594406e-02
947.20 5.494505e-02
950.50 5.394605e-02
957.00 5.294705e-02
961.10 5.194805e-02
963.10 5.094905e-02
971.70 4.995005e-02
977.30 4.895105e-02
980.80 4.795205e-02
982.30 4.695305e-02
986.70 4.595405e-02
991.20 4.495504e-02
999.20 4.395604e-02
1000.00 4.295704e-02
1003.90 4.195804e-02
1021.10 4.095904e-02
1021.70 3.996004e-02
1037.60 3.896104e-02
1041.40 3.796204e-02
1074.90 3.696304e-02
1076.50 3.596404e-02
1080.40 3.496503e-02
1081.30 3.396603e-02
1103.90 3.296703e-02
1118.60 3.196803e-02
1129.70 3.096903e-02
1146.60 2.997003e-02
1169.20 2.897103e-02
1219.30 2.797203e-02
1240.90 2.697303e-02
1245.80 2.597403e-02
1249.60 2.497502e-02
1281.70 2.397602e-02
1427.60 2.297702e-02
1443.00 2.197802e-02
1444.70 2.097902e-02
1485.40 1.998002e-02
1503.10 1.898102e-02
1519.90 1.798202e-02
1537.40 1.698302e-02
1554.00 1.598402e-02
1562.80 1.498501e-02
1593.60 1.398601e-02
1618.10 1.298701e-02
1638.10 1.198801e-02
1705.50 1.098901e-02
1709.20 9.990010e-03
2029.00 8.991009e-03
2078.20 7.992008e-03
2090.90 6.993007e-03
2103.70 5.994006e-03
2113.70 4.995005e-03
2150.60 3.996004e-03
2233.80 2.997003e-03
2245.70 1.998002e-03
2272.30 9.990010e-04
