latency_us exceedance
1081.00 9.990010e-01
1092.70 9.980020e-01
1105.20 9.970030e-01
1116.90 9.960040e-01
1152.60 9.950050e-01
1153.50 9.940060e-01
1155.60 9.930070e-01
1157.80 9.920080e-01
1182.80 9.910090e-01
1217.50 9.900100e-01
1218.30 9.890110e-01
1229.10 9.880120e-01
1250.30 9.870130e-01
1292.80 9.860140e-01
1309.40 9.850150e-01
1333.40 9.840160e-01
1340.70 9.830170e-01
1346.90 9.820180e-01
1362.40 9.810190e-01
1370.60 9.800200e-01
1371.50 9.790210e-01
1376.50 9.780220e-01
1387.30 9.770230e-01
1390.40 9.760240e-01
1391.00 9.750250e-01
1391.40 9.740260e-01
1399.60 9.730270e-01
1400.10 9.720280e-01
1401.10 9.710290e-01
1404.50 9.700300e-01
1404.70 9.690310e-01
1408.00 9.680320e-01
1408.60 9.670330e-01
1409.00 9.660340e-01
1410.80 9.650350e-01
1412.20 9.640360e-01
1413.20 9.630370e-01
1413.80 9.620380e-01
1414.50 9.610390e-01
1415.70 9.600400e-01
1415.80 9.590410e-01
1419.10 9.580420e-01
1419.40 9.570430e-01
1420.30 9.560440e-01
1420.60 9.550450e-01
1421.10 9.540460e-01
1422.00 9.530470e-01
1423.10 9.520480e-01
1424.40 9.510490e-01
1424.80 9.500500e-01
1426.80 9.490509e-01
1427.30 9.480519e-01
1427.40 9.470529e-01
1429.20 9.460539e-01
1431.80 9.450549e-01
1432.90 9.440559e-01
1433.20 9.430569e-01
1433.50 9.420579e-01
1433.60 9.410589e-01
1434.30 9.400599e-01
1435.20 9.390609e-01
1436.20 9.380619e-01
1437.40 9.370629e-01
1437.90 9.360639e-01
1438.10 9.350649e-01
1438.50 9.340659e-01
1439.00 9.330669e-01
1439.20 9.320679e-01
1439.30 9.310689e-01
1439.90 9.300699e-01
1440.60 9.290709e-01
1441.10 9.280719e-01
1441.50 9.270729e-01
1441.90 9.260739e-01
1444.90 9.250749e-01
1445.20 9.240759e-01
1445.60 9.230769e-01
1446.80 9.220779e-01
1446.90 9.210789e-01
1447.20 9.200799e-01
1448.30 9.190809e-01
1448.50 9.180819e-01
1448.60 9.170829e-01
1448.80 9.160839e-01
1449.10 9.150849e-01
1449.90 9.140859e-01
1451.00 9.130869e-01
1451.20 9.120879e-01
1451.20 9.110889e-01
1451.50 9.100899e-01
1451.50 9.090909e-01
1451.80 9.080919e-01
1452.10 9.070929e-01
1453.00 9.060939e-01
1453.30 9.050949e-01
1453.40 9.040959e-01
1453.70 9.030969e-01
1453.80 9.020979e-01
1453.90 9.010989e-01
1454.50 9.000999e-01
1454.50 8.991009e-01
1456.20 8.981019e-01
1456.70 8.971029e-01
1457.70 8.961039e-01
1457.80 8.951049e-01
1458.20 8.941059e-01
1458.40 8.931069e-01
1458.40 8.921079e-01
1458.50 8.911089e-01
1459.70 8.901099e-01
1460.70 8.891109e-01
1461.00 8.881119e-01
1461.80 8.871129e-01
1462.90 8.861139e-01
1463.10 8.851149e-01
1463.20 8.841159e-01
1463.90 8.831169e-01
1464.20 8.821179e-01
1464.30 8.811189e-01
1464.30 8.801199e-01
1464.40 8.791209e-01
1464.70 8.781219e-01
1465.20 8.771229e-01
1465.50 8.761239e-01
1465.60 8.751249e-01
1465.70 8.741259e-01
1466.20 8.731269e-01
1466.30 8.721279e-01
1467.90 8.711289e-01
1468.80 8.701299e-01
1469.00 8.691309e-01
1469.00 8.681319e-01
1469.60 8.671329e-01
1469.70 8.661339e-01
1470.90 8.651349e-01
1471.50 8.641359e-01
1471.60 8.631369e-01
1471.80 8.621379e-01
1472.10 8.611389e-01
1472.50 8.601399e-01
1473.50 8.591409e-01
1474.10 8.581419e-01
1474.20 8.571429e-01
1474.90 8.561439e-01
1475.20 8.551449e-01
1475.60 8.541459e-01
1476.70 8.531469e-01
1476.90 8.521479e-01
1477.10 8.511489e-01
1477.10 8.501499e-01
1477.20 8.491508e-01
1477.40 8.481518e-01
1477.60 8.471528e-01
1477.70 8.461538e-01
1479.60 8.451548e-01
1479.80 8.441558e-01
1480.10 8.431568e-01
1480.60 8.421578e-01
1480.80 8.411588e-01
1480.80 8.401598e-01
1481.00 8.391608e-01
1481.50 8.381618e-01
1481.70 8.371628e-01
1482.10 8.361638e-01
1483.60 8.351648e-01
1484.00 8.341658e-01
1484.50 8.331668e-01
1485.40 8.321678e-01
1485.50 8.311688e-01
1485.60 8.301698e-01
1486.10 8.291708e-01
1486.20 8.281718e-01
1486.20 8.271728e-01
1486.50 8.261738e-01
1486.60 8.251748e-01
1487.40 8.241758e-01
1487.50 8.231768e-01
1487.60 8.221778e-01
1488.00 8.211788e-01
1488.00 8.201798e-01
1488.00 8.191808e-01
1488.40 8.181818e-01
1489.60 8.171828e-01
1489.80 8.161838e-01
1490.70 8.151848e-01
1490.70 8.141858e-01
1492.20 8.131868e-01
1493.20 8.121878e-01
1494.30 8.111888e-01
1494.30 8.101898e-01
1494.50 8.091908e-01
1494.50 8.081918e-01
1494.80 8.071928e-01
1494.90 8.061938e-01
1495.40 8.051948e-01
1495.60 8.041958e-01
1496.00 8.031968e-01
1496.30 8.021978e-01
1496.60 8.011988e-01
1497.10 8.001998e-01
1497.30 7.992008e-01
1497.30 7.982018e-01
1497.40 7.972028e-01
1497.70 7.962038e-01
1497.80 7.952048e-01
1498.00 7.942058e-01
1498.50 7.932068e-01
1498.80 7.922078e-01
1499.80 7.912088e-01
1500.20 7.902098e-01
1500.80 7.892108e-01
1500.90 7.882118e-01
1501.40 7.872128e-01
1501.90 7.862138e-01
1502.00 7.852148e-01
1502.90 7.842158e-01
1503.00 7.832168e-01
1503.00 7.822178e-01
1503.10 7.812188e-01
1503.60 7.802198e-01
1503.80 7.792208e-01
1504.00 7.782218e-01
1504.40 7.772228e-01
1504.50 7.762238e-01
1505.80 7.752248e-01
1505.90 7.742258e-01
1506.80 7.732268e-01
1507.00 7.722278e-01
1507.00 7.712288e-01
1507.40 7.702298e-01
1507.50 7.692308e-01
1507.90 7.682318e-01
1508.10 7.672328e-01
1508.40 7.662338e-01
1508.70 7.652348e-01
1508.70 7.642358e-01
1509.50 7.632368e-01
1509.50 7.622378e-01
1509.80 7.612388e-01
1509.90 7.602398e-01
1511.00 7.592408e-01
1511.90 7.582418e-01
1512.40 7.572428e-01
1512.60 7.562438e-01
1512.90 7.552448e-01
1513.10 7.542458e-01
1513.20 7.532468e-01
1514.00 7.522478e-01
1515.50 7.512488e-01
1515.90 7.502498e-01
1517.60 7.492507e-01
1518.20 7.482517e-01
1518.80 7.472527e-01
1520.20 7.462537e-01
1520.50 7.452547e-01
1522.00 7.442557e-01
1523.30 7.432567e-01
1523.40 7.422577e-01
1523.40 7.412587e-01
1523.40 7.402597e-01
1523.60 7.392607e-01
1523.80 7.382617e-01
1523.80 7.372627e-01
1523.90 7.362637e-01
1524.40 7.352647e-01
1524.80 7.342657e-01
1526.20 7.332667e-01
1526.60 7.322677e-01
1526.80 7.312687e-01
1526.90 7.302697e-01
1527.50 7.292707e-01
1528.70 7.282717e-01
1528.90 7.272727e-01
1529.30 7.262737e-01
1529.70 7.252747e-01
1530.40 7.242757e-01
1531.10 7.232767e-01
1531.40 7.222777e-01
1531.90 7.212787e-01
1532.30 7.202797e-01
1532.70 7.192807e-01
1532.70 7.182817e-01
1533.10 7.172827e-01
1533.40 7.162837e-01
1533.50 7.152847e-01
1533.70 7.142857e-01
1534.10 7.132867e-01
1534.60 7.122877e-01
1535.10 7.112887e-01
1535.50 7.102897e-01
1536.20 7.092907e-01
1536.50 7.082917e-01
1538.90 7.072927e-01
1539.10 7.062937e-01
1540.90 7.052947e-01
1541.10 7.042957e-01
1543.00 7.032967e-01
1543.40 7.022977e-01
1543.50 7.012987e-01
1545.60 7.002997e-01
1545.70 6.993007e-01
1545.90 6.983017e-01
1547.00 6.973027e-01
1547.10 6.963037e-01
1548.40 6.953047e-01
1549.70 6.943057e-01
1550.30 6.933067e-01
1550.40 6.923077e-01
1551.20 6.913087e-01
1551.70 6.903097e-01
1552.40 6.893107e-01
1555.90 6.883117e-01
1556.00 6.873127e-01
1556.50 6.863137e-01
1557.80 6.853147e-01
1558.00 6.843157e-01
1558.10 6.833167e-01
1558.30 6.823177e-01
1558.80 6.813187e-01
1560.50 6.803197e-01
1561.30 6.793207e-01
1561.70 6.783217e-01
1564.10 6.773227e-01
1565.20 6.763237e-01
1567.20 6.753247e-01
1569.30 6.743257e-01
1569.40 6.733267e-01
1569.50 6.723277e-01
1570.60 6.713287e-01
1571.70 6.703297e-01
1571.80 6.693307e-01
1573.00 6.683317e-01
1573.50 6.673327e-01
1574.50 6.663337e-01
1575.10 6.653347e-01
1575.60 6.643357e-01
1575.80 6.633367e-01
1576.20 6.623377e-01
1576.90 6.613387e-01
1577.10 6.603397e-01
1577.50 6.593407e-01
1577.60 6.583417e-01
1577.90 6.573427e-01
1578.20 6.563437e-01
1579.10 6.553447e-01
1579.30 6.543457e-01
1579.50 6.533467e-01
1580.10 6.523477e-01
1580.50 6.513487e-01
1580.60 6.503497e-01
1584.20 6.493506e-01
1584.50 6.483516e-01
1584.60 6.473526e-01
1584.70 6.463536e-01
1584.80 6.453546e-01
1586.30 6.443556e-01
1587.10 6.433566e-01
1587.20 6.423576e-01
1588.50 6.413586e-01
1589.30 6.403596e-01
1589.40 6.393606e-01
1589.90 6.383616e-01
1589.90 6.373626e-01
1590.00 6.363636e-01
1590.10 6.353646e-01
1590.30 6.343656e-01
1590.50 6.333666e-01
1592.20 6.323676e-01
1592.80 6.313686e-01
1593.00 6.303696e-01
1593.60 6.293706e-01
1594.10 6.283716e-01
1595.50 6.273726e-01
1596.70 6.263736e-01
1596.80 6.253746e-01
1597.00 6.243756e-01
1599.30 6.233766e-01
1600.50 6.223776e-01
1601.20 6.213786e-01
1601.50 6.203796e-01
1601.60 6.193806e-01
1601.90 6.183816e-01
1602.20 6.173826e-01
1602.20 6.163836e-01
1602.30 6.153846e-01
1603.50 6.143856e-01
1603.80 6.133866e-01
1604.00 6.123876e-01
1606.30 6.113886e-01
1606.40 6.103896e-01
1607.20 6.093906e-01
1607.30 6.083916e-01
1607.50 6.073926e-01
1608.40 6.063936e-01
1608.60 6.053946e-01
1609.70 6.043956e-01
1610.20 6.033966e-01
1610.40 6.023976e-01
1610.70 6.013986e-01
1610.80 6.003996e-01
1611.20 5.994006e-01
1611.90 5.984016e-01
1613.20 5.974026e-01
1613.50 5.964036e-01
1613.80 5.954046e-01
1614.50 5.944056e-01
1616.80 5.934066e-01
1617.30 5.924076e-01
1618.40 5.914086e-01
1618.60 5.904096e-01
1620.30 5.894106e-01
1621.70 5.884116e-01
1621.80 5.874126e-01
1622.20 5.864136e-01
1622.60 5.854146e-01
1624.20 5.844156e-01
1625.10 5.834166e-01
1625.40 5.824176e-01
1625.50 5.814186e-01
1625.90 5.804196e-01
1626.90 5.794206e-01
1627.30 5.784216e-01
1628.10 5.774226e-01
1629.30 5.764236e-01
1629.70 5.754246e-01
1629.70 5.744256e-01
1629.90 5.734266e-01
1630.00 5.724276e-01
1630.30 5.714286e-01
1631.00 5.704296e-01
1631.70 5.694306e-01
1631.80 5.684316e-01
1632.30 5.674326e-01
1632.50 5.664336e-01
1633.20 5.654346e-01
1633.50 5.644356e-01
1633.60 5.634366e-01
1634.10 5.624376e-01
1634.40 5.614386e-01
1634.50 5.604396e-01
1634.70 5.594406e-01
1634.90 5.584416e-01
1635.00 5.574426e-01
1635.10 5.564436e-01
1635.90 5.554446e-01
1636.20 5.544456e-01
1636.30 5.534466e-01
1638.70 5.524476e-01
1638.80 5.514486e-01
1639.30 5.504496e-01
1641.30 5.494505e-01
1641.90 5.484515e-01
1642.20 5.474525e-01
1642.80 5.464535e-01
1642.90 5.454545e-01
1643.10 5.444555e-01
1644.60 5.434565e-01
1646.10 5.424575e-01
1646.60 5.414585e-01
1646.80 5.404595e-01
1647.00 5.394605e-01
1649.30 5.384615e-01
1650.40 5.374625e-01
1651.80 5.364635e-01
1652.30 5.354645e-01
1652.70 5.344655e-01
1653.60 5.334665e-01
1654.20 5.324675e-01
1654.30 5.314685e-01
1654.70 5.304695e-01
1655.50 5.294705e-01
1655.60 5.284715e-01
1656.00 5.274725e-01
1656.50 5.264735e-01
1657.30 5.254745e-01
1658.30 5.244755e-01
1659.00 5.234765e-01
1659.30 5.224775e-01
1659.60 5.214785e-01
1660.20 5.204795e-01
1660.30 5.194805e-01
1662.00 5.184815e-01
1663.00 5.174825e-01
1663.20 5.164835e-01
1664.10 5.154845e-01
1665.70 5.144855e-01
1666.40 5.134865e-01
1666.40 5.124875e-01
1666.70 5.114885e-01
1668.20 5.104895e-01
1668.70 5.094905e-01
1668.90 5.084915e-01
1668.90 5.074925e-01
1669.80 5.064935e-01
1670.00 5.054945e-01
1670.40 5.044955e-01
1670.90 5.034965e-01
1672.50 5.024975e-01
1672.60 5.014985e-01
1673.40 5.004995e-01
1674.00 4.995005e-01
1674.60 4.985015e-01
1675.50 4.975025e-01
1675.60 4.965035e-01
1675.70 4.955045e-01
1676.50 4.945055e-01
1679.10 4.935065e-01
1679.50 4.925075e-01
1679.50 4.915085e-01
1679.60 4.905095e-01
1681.00 4.895105e-01
1681.50 4.885115e-01
1683.40 4.875125e-01
1683.40 4.865135e-01
1684.90 4.855145e-01
1685.70 4.845155e-01
1686.70 4.835165e-01
1687.70 4.825175e-01
1688.00 4.815185e-01
1688.00 4.805195e-01
1688.50 4.795205e-01
1689.20 4.785215e-01
1689.60 4.775225e-01
1689.90 4.765235e-01
1690.90 4.755245e-01
1691.40 4.745255e-01
1691.80 4.735265e-01
1692.50 4.725275e-01
1692.80 4.715285e-01
1694.40 4.705295e-01
1694.60 4.695305e-01
1694.80 4.685315e-01
1695.60 4.675325e-01
1696.70 4.665335e-01
1696.90 4.655345e-01
1697.50 4.645355e-01
1699.30 4.635365e-01
1699.60 4.625375e-01
1702.20 4.615385e-01
1703.00 4.605395e-01
1703.60 4.595405e-01
1704.20 4.585415e-01
1704.60 4.575425e-01
1707.40 4.565435e-01
1707.90 4.555445e-01
1708.00 4.545455e-01
1708.50 4.535465e-01
1709.30 4.525475e-01
1709.50 4.515485e-01
1710.10 4.505495e-01
1710.30 4.495504e-01
1711.00 4.485514e-01
1712.00 4.475524e-01
1716.00 4.465534e-01
1718.50 4.455544e-01
1718.70 4.445554e-01
1719.20 4.435564e-01
1719.60 4.425574e-01
1720.70 4.415584e-01
1720.90 4.405594e-01
1722.10 4.395604e-01
1722.50 4.385614e-01
1722.60 4.375624e-01
1722.90 4.365634e-01
1723.20 4.355644e-01
1724.40 4.345654e-01
1724.70 4.335664e-01
1728.10 4.325674e-01
1728.30 4.315684e-01
1728.60 4.305694e-01
1729.10 4.295704e-01
1729.10 4.285714e-01
1732.40 4.275724e-01
1732.90 4.265734e-01
1734.20 4.255744e-01
1734.90 4.245754e-01
1735.30 4.235764e-01
1735.50 4.225774e-01
1738.50 4.215784e-01
1738.80 4.205794e-01
1739.40 4.195804e-01
1739.50 4.185814e-01
1740.20 4.175824e-01
1740.80 4.165834e-01
1743.10 4.155844e-01
1743.60 4.145854e-01
1743.90 4.135864e-01
1744.00 4.125874e-01
1746.50 4.115884e-01
1747.50 4.105894e-01
1748.90 4.095904e-01
1749.70 4.085914e-01
1749.70 4.075924e-01
1750.00 4.065934e-01
1750.60 4.055944e-01
1750.80 4.045954e-01
1752.50 4.035964e-01
1752.70 4.025974e-01
1752.80 4.015984e-01
1756.00 4.005994e-01
1757.30 3.996004e-01
1758.30 3.986014e-01
1759.00 3.976024e-01
1759.10 3.966034e-01
1760.40 3.956044e-01
1761.10 3.946054e-01
1762.90 3.936064e-01
1763.00 3.926074e-01
1764.70 3.916084e-01
1764.90 3.906094e-01
1765.60 3.896104e-01
1766.10 3.886114e-01
1767.00 3.876124e-01
1767.60 3.866134e-01
1767.90 3.856144e-01
1772.60 3.846154e-01
1772.60 3.836164e-01
1774.80 3.826174e-01
1775.10 3.816184e-01
1775.40 3.806194e-01
1776.20 3.796204e-01
1776.50 3.786214e-01
1777.80 3.776224e-01
1777.90 3.766234e-01
1778.40 3.756244e-01
1779.30 3.746254e-01
1779.40 3.736264e-01
1781.10 3.726274e-01
1782.60 3.716284e-01
1787.90 3.706294e-01
1788.90 3.696304e-01
1789.50 3.686314e-01
1789.60 3.676324e-01
1789.90 3.666334e-01
1790.50 3.656344e-01
1791.90 3.646354e-01
1792.20 3.636364e-01
1794.20 3.626374e-01
1794.30 3.616384e-01
1795.50 3.606394e-01
1795.70 3.596404e-01
1796.20 3.586414e-01
1796.60 3.576424e-01
1799.00 3.566434e-01
1799.80 3.556444e-01
1801.30 3.546454e-01
1801.30 3.536464e-01
1803.90 3.526474e-01
1804.20 3.516484e-01
1804.40 3.506494e-01
1805.20 3.496503e-01
1806.30 3.486513e-01
1806.30 3.476523e-01
1807.10 3.466533e-01
1807.40 3.456543e-01
1808.20 3.446553e-01
1809.50 3.436563e-01
1809.60 3.426573e-01
1809.80 3.416583e-01
1811.70 3.406593e-01
1811.70 3.396603e-01
1811.80 3.386613e-01
1813.00 3.376623e-01
1813.30 3.366633e-01
1814.50 3.356643e-01
1815.40 3.346653e-01
1816.10 3.336663e-01
1818.70 3.326673e-01
1818.90 3.316683e-01
1819.50 3.306693e-01
1820.30 3.296703e-01
1823.30 3.286713e-01
1824.30 3.276723e-01
1826.20 3.266733e-01
1827.90 3.256743e-01
1829.20 3.246753e-01
1830.70 3.236763e-01
1837.00 3.226773e-01
1838.10 3.216783e-01
1839.70 3.206793e-01
1840.10 3.196803e-01
1841.50 3.186813e-01
1845.00 3.176823e-01
1850.70 3.166833e-01
1851.40 3.156843e-01
1852.00 3.146853e-01
1852.20 3.136863e-01
1853.70 3.126873e-01
1855.00 3.116883e-01
1856.00 3.106893e-01
1856.10 3.096903e-01
1856.60 3.086913e-01
1857.80 3.076923e-01
1859.80 3.066933e-01
1860.10 3.056943e-01
1860.40 3.046953e-01
1860.40 3.036963e-01
1861.10 3.026973e-01
1865.20 3.016983e-01
1865.80 3.006993e-01
1868.60 2.997003e-01
1869.40 2.987013e-01
1870.60 2.977023e-01
1870.90 2.967033e-01
1876.50 2.957043e-01
1877.60 2.947053e-01
1878.10 2.937063e-01
1878.20 2.927073e-01
1879.10 2.917083e-01
1880.20 2.907093e-01
1880.70 2.897103e-01
1881.80 2.887113e-01
1883.50 2.877123e-01
1884.30 2.867133e-01
1885.00 2.857143e-01
1885.30 2.847153e-01
1885.90 2.837163e-01
1887.20 2.827173e-01
1887.40 2.817183e-01
1887.50 2.807193e-01
1887.70 2.797203e-01
1890.30 2.787213e-01
1893.50 2.777223e-01
1895.70 2.767233e-01
1896.70 2.757243e-01
1897.00 2.747253e-01
1897.60 2.737263e-01
1899.00 2.727273e-01
1902.40 2.717283e-01
1903.90 2.707293e-01
1905.50 2.697303e-01
1907.90 2.687313e-01
1910.10 2.677323e-01
1910.10 2.667333e-01
1912.30 2.657343e-01
1916.30 2.647353e-01
1917.90 2.637363e-01
1918.00 2.627373e-01
1920.60 2.617383e-01
1924.70 2.607393e-01
1925.10 2.597403e-01
1927.20 2.587413e-01
1928.20 2.577423e-01
1931.50 2.567433e-01
1932.60 2.557443e-01
1935.00 2.547453e-01
1936.70 2.537463e-01
1945.00 2.527473e-01
1947.40 2.517483e-01
1947.60 2.507493e-01
1948.90 2.497502e-01
1950.10 2.487512e-01
1950.20 2.477522e-01
1950.90 2.467532e-01
1951.20 2.457542e-01
1955.10 2.447552e-01
1955.30 2.437562e-01
1956.70 2.427572e-01
1957.70 2.417582e-01
1964.00 2.407592e-01
1966.70 2.397602e-01
1967.50 2.387612e-01
1972.00 2.377622e-01
1972.80 2.367632e-01
1972.90 2.357642e-01
1979.50 2.347652e-01
1981.30 2.337662e-01
1983.10 2.327672e-01
1983.40 2.317682e-01
1984.80 2.307692e-01
1995.90 2.297702e-01
2002.00 2.287712e-01
2007.90 2.277722e-01
2009.20 2.267732e-01
2009.30 2.257742e-01
2019.60 2.247752e-01
2021.20 2.237762e-01
2022.00 2.227772e-01
2022.60 2.217782e-01
2026.80 2.207792e-01
2027.10 2.197802e-01
2027.50 2.187812e-01
2030.30 2.177822e-01
2030.80 2.167832e-01
2030.90 2.157842e-01
2034.30 2.147852e-01
2034.70 2.137862e-01
2035.00 2.127872e-01
2038.90 2.117882e-01
2040.00 2.107892e-01
2043.70 2.097902e-01
2048.30 2.087912e-01
2048.90 2.077922e-01
2049.80 2.067932e-01
2051.70 2.057942e-01
2069.90 2.047952e-01
2079.80 2.037962e-01
2093.40 2.027972e-01
2098.50 2.017982e-01
2101.00 2.007992e-01
2102.70 1.998002e-01
2104.20 1.988012e-01
2116.80 1.978022e-01
2116.90 1.968032e-01
2138.50 1.958042e-01
2141.40 1.948052e-01
2142.00 1.938062e-01
2148.20 1.928072e-01
2155.60 1.918082e-01
2159.90 1.908092e-01
2160.30 1.898102e-01
2163.70 1.888112e-01
2164.30 1.878122e-01
2182.20 1.868132e-01
2183.60 1.858142e-01
2194.00 1.848152e-01
2195.70 1.838162e-01
2198.10 1.828172e-01
2199.90 1.818182e-01
2211.30 1.808192e-01
2221.40 1.798202e-01
2223.10 1.788212e-01
2234.70 1.778222e-01
2242.10 1.768232e-01
2262.00 1.758242e-01
2270.80 1.748252e-01
2278.60 1.738262e-01
2280.40 1.728272e-01
2282.90 1.718282e-01
2287.50 1.708292e-01
2294.80 1.698302e-01
2298.20 1.688312e-01
2311.00 1.678322e-01
2312.90 1.668332e-01
2316.00 1.658342e-01
2338.50 1.648352e-01
2347.00 1.638362e-01
2369.10 1.628372e-01
2376.10 1.618382e-01
2377.20 1.608392e-01
2378.70 1.598402e-01
2380.10 1.588412e-01
2386.50 1.578422e-01
2386.50 1.568432e-01
2388.40 1.558442e-01
2388.70 1.548452e-01
2392.40 1.538462e-01
2409.30 1.528472e-01
2418.60 1.518482e-01
2420.90 1.508492e-01
2430.00 1.498501e-01
2431.30 1.488511e-01
2442.10 1.478521e-01
2443.60 1.468531e-01
2449.60 1.458541e-01
2453.50 1.448551e-01
2465.70 1.438561e-01
2466.60 1.428571e-01
2478.70 1.418581e-01
2479.00 1.408591e-01
2486.50 1.398601e-01
2487.40 1.388611e-01
2499.20 1.378621e-01
2502.90 1.368631e-01
2534.60 1.358641e-01
2534.60 1.348651e-01
2542.80 1.338661e-01
2544.50 1.328671e-01
2548.20 1.318681e-01
2554.10 1.308691e-01
2569.50 1.298701e-01
2569.70 1.288711e-01
2590.70 1.278721e-01
2596.50 1.268731e-01
2601.40 1.258741e-01
2603.20 1.248751e-01
2606.40 1.238761e-01
2615.10 1.228771e-01
2625.70 1.218781e-01
2656.60 1.208791e-01
2672.80 1.198801e-01
2673.30 1.188811e-01
2681.60 1.178821e-01
2698.50 1.168831e-01
2700.20 1.158841e-01
2726.20 1.148851e-01
2741.60 1.138861e-01
2792.00 1.128871e-01
2793.80 1.118881e-01
2819.40 1.108891e-01
2819.90 1.098901e-01
2835.20 1.088911e-01
2844.20 1.078921e-01
2867.60 1.068931e-01
2885.20 1.058941e-01
2895.90 1.048951e-01
2897.00 1.038961e-01
2898.20 1.028971e-01
2904.90 1.018981e-01
2910.50 1.008991e-01
2914.50 9.990010e-02
2943.70 9.890110e-02
2950.30 9.790210e-02
2981.10 9.690310e-02
3005.20 9.590410e-02
3007.00 9.490509e-02
3009.10 9.390609e-02
3010.30 9.290709e-02
3010.80 9.190809e-02
3026.60 9.090909e-02
3055.60 8.991009e-02
3058.90 8.891109e-02
3063.40 8.791209e-02
3090.20 8.691309e-02
3105.60 8.591409e-02
3105.90 8.491508e-02
3113.40 8.391608e-02
3116.10 8.291708e-02
3126.30 8.191808e-02
3134.90 8.091908e-02
3144.30 7.992008e-02
3154.80 7.892108e-02
3176.40 7.792208e-02
3187.00 7.692308e-02
3194.00 7.592408e-02
3195.60 7.492507e-02
3213.20 7.392607e-02
3216.40 7.292707e-02
3246.20 7.192807e-02
3256.20 7.092907e-02
3262.70 6.993007e-02
3276.70 6.893107e-02
3277.90 6.793207e-02
3281.20 6.693307e-02
3333.80 6.593407e-02
3334.10 6.493506e-02
3339.00 6.393606e-02
3388.40 6.293706e-02
3401.70 6.193806e-02
3404.30 6.093906e-02
3427.70 5.994006e-02
3432.90 5.894106e-02
3446.30 5.794206e-02
3456.90 5.694306e-02
3490.50 5.594406e-02
3494.80 5.494505e-02
3499.30 5.394605e-02
3506.70 5.294705e-02
3513.40 5.194805e-02
3531.80 5.094905e-02
3558.90 4.995005e-02
3564.90 4.895105e-02
3576.60 4.795205e-02
3612.60 4.695305e-02
3661.60 4.595405e-02
3690.70 4.495504e-02
3695.10 4.395604e-02
3697.90 4.295704e-02
3704.20 4.195804e-02
3704.70 4.095904e-02
3813.20 3.996004e-02
3818.70 3.896104e-02
3825.20 3.796204e-02
3835.50 3.696304e-02
3917.70 3.596404e-02
3926.90 3.496503e-02
3951.10 3.396603e-02
3988.20 3.296703e-02
3992.60 3.196803e-02
4162.50 3.096903e-02
4201.30 2.997003e-02
4216.90 2.897103e-02
4240.50 2.797203e-02
4240.90 2.697303e-02
4302.90 2.597403e-02
4355.40 2.497502e-02
4480.60 2.397602e-02
4499.20 2.297702e-02
4530.70 2.197802e-02
4662.90 2.097902e-02
4702.10 1.998002e-02
4716.20 1.898102e-02
4716.90 1.798202e-02
4769.00 1.698302e-02
4798.90 1.598402e-02
4920.00 1.498501e-02
5013.20 1.398601e-02
5089.30 1.298701e-02
5120.80 1.198801e-02
5121.90 1.098901e-02
5155.40 9.990010e-03
5472.20 8.991009e-03
5882.50 7.992008e-03
5890.30 6.993007e-03
5992.70 5.994006e-03
6309.60 4.995005e-03
6678.40 3.996004e-03
7519.60 2.997003e-03
8622.70 1.998002e-03
14182.70 9.990010e-04
