latency_us ecdf
4481.80 0.00200
4483.80 0.00400
4484.40 0.00600
4487.70 0.00800
4501.50 0.01000
4505.30 0.01200
4505.40 0.01400
4508.40 0.01600
4510.90 0.01800
4524.90 0.02000
4529.30 0.02200
4535.80 0.02400
4542.10 0.02600
4549.00 0.02800
4555.10 0.03000
4558.10 0.03200
4558.80 0.03400
4562.20 0.03600
4565.20 0.03800
4569.20 0.04000
4569.20 0.04200
4573.80 0.04400
4583.60 0.04600
4583.90 0.04800
4585.70 0.05000
4586.00 0.05200
4586.20 0.05400
4588.70 0.05600
4588.80 0.05800
4591.10 0.06000
4594.50 0.06200
4599.00 0.06400
4606.10 0.06600
4608.40 0.06800
4609.00 0.07000
4612.90 0.07200
4616.70 0.07400
4617.20 0.07600
4623.10 0.07800
4627.10 0.08000
4634.50 0.08200
4637.20 0.08400
4638.90 0.08600
4640.10 0.08800
4644.60 0.09000
4654.60 0.09200
4657.70 0.09400
4659.20 0.09600
4660.40 0.09800
4662.00 0.10000
4671.00 0.10200
4671.20 0.10400
4671.80 0.10600
4678.80 0.10800
4679.80 0.11000
4680.80 0.11200
4682.80 0.11400
4688.00 0.11600
4697.10 0.11800
4698.50 0.12000
4704.90 0.12200
4706.30 0.12400
4708.90 0.12600
4709.00 0.12800
4717.50 0.13000
4722.50 0.13200
4723.60 0.13400
4724.40 0.13600
4731.20 0.13800
4732.30 0.14000
4732.80 0.14200
4735.90 0.14400
4739.30 0.14600
4742.70 0.14800
4744.10 0.15000
4753.30 0.15200
4761.90 0.15400
4762.10 0.15600
4769.90 0.15800
4770.40 0.16000
4773.40 0.16200
4783.40 0.16400
4785.90 0.16600
4786.90 0.16800
4787.20 0.17000
4789.10 0.17200
4797.50 0.17400
4798.10 0.17600
4799.50 0.17800
4800.60 0.18000
4803.60 0.18200
4805.30 0.18400
4805.80 0.18600
4811.80 0.18800
4824.00 0.19000
4828.80 0.19200
4830.40 0.19400
4834.10 0.19600
4835.00 0.19800
4854.90 0.20000
4857.90 0.20200
4858.60 0.20400
4873.90 0.20600
4875.40 0.20800
4876.20 0.21000
4879.00 0.21200
4881.70 0.21400
4884.00 0.21600
4902.10 0.21800
4906.00 0.22000
4918.20 0.22200
4925.80 0.22400
4927.10 0.22600
4937.30 0.22800
4948.30 0.23000
4955.90 0.23200
4965.90 0.23400
4967.80 0.23600
4968.40 0.23800
4968.60 0.24000
4975.50 0.24200
4980.40 0.24400
4982.00 0.24600
4986.80 0.24800
4995.30 0.25000
4995.90 0.25200
5004.70 0.25400
5005.40 0.25600
5007.10 0.25800
5011.40 0.26000
5035.20 0.26200
5044.20 0.26400
5046.70 0.26600
5051.30 0.26800
5053.60 0.27000
5055.00 0.27200
5076.70 0.27400
5078.70 0.27600
5079.90 0.27800
5085.50 0.28000
5086.70 0.28200
5094.00 0.28400
5095.90 0.28600
5097.50 0.28800
5100.20 0.29000
5111.60 0.29200
5114.00 0.29400
5114.70 0.29600
5131.20 0.29800
5137.50 0.30000
5138.00 0.30200
5150.40 0.30400
5151.10 0.30600
5162.50 0.30800
5168.20 0.31000
5172.80 0.31200
5184.80 0.31400
5192.20 0.31600
5199.40 0.31800
5225.20 0.32000
5233.60 0.32200
5251.50 0.32400
5255.20 0.32600
5266.10 0.32800
5266.80 0.33000
5284.00 0.33200
5285.40 0.33400
5289.40 0.33600
5289.60 0.33800
5294.60 0.34000
5301.00 0.34200
5306.20 0.34400
5310.30 0.34600
5327.40 0.34800
5338.40 0.35000
5342.80 0.35200
5366.20 0.35400
5372.70 0.35600
5373.10 0.35800
5373.30 0.36000
5375.00 0.36200
5388.80 0.36400
5389.20 0.36600
5391.80 0.36800
5400.00 0.37000
5408.50 0.37200
5411.10 0.37400
5423.00 0.37600
5424.40 0.37800
5441.70 0.38000
5442.90 0.38200
5451.30 0.38400
5455.00 0.38600
5461.40 0.38800
5468.70 0.39000
5468.80 0.39200
5484.60 0.39400
5485.40 0.39600
5486.60 0.39800
5515.60 0.40000
5535.60 0.40200
5541.30 0.40400
5542.10 0.40600
5558.40 0.40800
5565.00 0.41000
5567.40 0.41200
5572.40 0.41400
5584.80 0.41600
5587.90 0.41800
5600.30 0.42000
5605.70 0.42200
5605.90 0.42400
5608.30 0.42600
5613.40 0.42800
5614.00 0.43000
5615.90 0.43200
5637.20 0.43400
5640.10 0.43600
5677.90 0.43800
5692.10 0.44000
5695.90 0.44200
5709.80 0.44400
5713.80 0.44600
5719.00 0.44800
5721.40 0.45000
5723.30 0.45200
5724.40 0.45400
5727.80 0.45600
5735.10 0.45800
5760.20 0.46000
5769.40 0.46200
5781.10 0.46400
5783.70 0.46600
5785.90 0.46800
5787.20 0.47000
5799.20 0.47200
5804.70 0.47400
5810.40 0.47600
5810.70 0.47800
5834.30 0.48000
5858.10 0.48200
5862.50 0.48400
5874.20 0.48600
5877.20 0.48800
5882.40 0.49000
5894.50 0.49200
5899.10 0.49400
5904.80 0.49600
5909.70 0.49800
5918.50 0.50000
5923.20 0.50200
5927.20 0.50400
5929.70 0.50600
5942.90 0.50800
5960.10 0.51000
5964.90 0.51200
5979.50 0.51400
5994.80 0.51600
6001.30 0.51800
6009.70 0.52000
6011.00 0.52200
6016.80 0.52400
6018.30 0.52600
6025.90 0.52800
6033.60 0.53000
6034.50 0.53200
6038.10 0.53400
6047.80 0.53600
6055.90 0.53800
6071.50 0.54000
6084.20 0.54200
6118.10 0.54400
6120.40 0.54600
6127.00 0.54800
6136.10 0.55000
6136.70 0.55200
6143.10 0.55400
6150.20 0.55600
6155.80 0.55800
6158.70 0.56000
6161.40 0.56200
6163.50 0.56400
6175.20 0.56600
6196.10 0.56800
6201.50 0.57000
6218.20 0.57200
6223.80 0.57400
6232.60 0.57600
6235.70 0.57800
6247.00 0.58000
6255.70 0.58200
6256.10 0.58400
6262.00 0.58600
6263.30 0.58800
6265.50 0.59000
6279.90 0.59200
6289.30 0.59400
6290.80 0.59600
6292.90 0.59800
6309.20 0.60000
6312.50 0.60200
6313.80 0.60400
6322.60 0.60600
6325.70 0.60800
6332.30 0.61000
6345.90 0.61200
6358.10 0.61400
6361.20 0.61600
6375.00 0.61800
6375.50 0.62000
6383.60 0.62200
6395.40 0.62400
6400.10 0.62600
6418.50 0.62800
6425.90 0.63000
6426.10 0.63200
6429.90 0.63400
6432.20 0.63600
6443.90 0.63800
6452.60 0.64000
6452.70 0.64200
6453.40 0.64400
6454.30 0.64600
6459.90 0.64800
6497.40 0.65000
6497.90 0.65200
6499.80 0.65400
6500.30 0.65600
6512.90 0.65800
6530.40 0.66000
6554.70 0.66200
6569.00 0.66400
6569.20 0.66600
6570.00 0.66800
6574.60 0.67000
6586.70 0.67200
6602.70 0.67400
6610.00 0.67600
6611.40 0.67800
6623.80 0.68000
6629.10 0.68200
6643.60 0.68400
6647.00 0.68600
6656.80 0.68800
6686.50 0.69000
6706.40 0.69200
6709.60 0.69400
6721.30 0.69600
6722.80 0.69800
6724.30 0.70000
6741.60 0.70200
6758.10 0.70400
6766.20 0.70600
6794.60 0.70800
6799.20 0.71000
6802.60 0.71200
6813.60 0.71400
6815.60 0.71600
6827.10 0.71800
6827.80 0.72000
6836.60 0.72200
6840.20 0.72400
6845.40 0.72600
6845.80 0.72800
6882.10 0.73000
6895.60 0.73200
6914.40 0.73400
6916.40 0.73600
6925.40 0.73800
6930.50 0.74000
6934.50 0.74200
6941.10 0.74400
6943.90 0.74600
6944.90 0.74800
6957.00 0.75000
6960.10 0.75200
6960.60 0.75400
6962.90 0.75600
6966.30 0.75800
6977.90 0.76000
6986.20 0.76200
6992.10 0.76400
6995.00 0.76600
6995.70 0.76800
7021.50 0.77000
7028.00 0.77200
7036.00 0.77400
7051.80 0.77600
7073.70 0.77800
7081.30 0.78000
7096.10 0.78200
7105.30 0.78400
7109.80 0.78600
7126.90 0.78800
7128.40 0.79000
7155.10 0.79200
7192.90 0.79400
7211.50 0.79600
7219.60 0.79800
7223.40 0.80000
7264.10 0.80200
7306.30 0.80400
7322.80 0.80600
7345.30 0.80800
7346.70 0.81000
7357.20 0.81200
7367.40 0.81400
7383.70 0.81600
7420.20 0.81800
7446.50 0.82000
7447.80 0.82200
7461.00 0.82400
7533.40 0.82600
7535.00 0.82800
7559.10 0.83000
7585.90 0.83200
7592.80 0.83400
7595.80 0.83600
7607.70 0.83800
7612.30 0.84000
7636.30 0.84200
7666.40 0.84400
7668.20 0.84600
7682.00 0.84800
7688.70 0.85000
7691.90 0.85200
7717.30 0.85400
7721.10 0.85600
7730.80 0.85800
7742.10 0.86000
7791.40 0.86200
7810.80 0.86400
7819.50 0.86600
7830.10 0.86800
7830.10 0.87000
7841.40 0.87200
7853.40 0.87400
7866.10 0.87600
7884.20 0.87800
7892.70 0.88000
7897.70 0.88200
7911.30 0.88400
7936.80 0.88600
8004.40 0.88800
8008.40 0.89000
8076.10 0.89200
8087.20 0.89400
8091.50 0.89600
8108.60 0.89800
8131.70 0.90000
8169.80 0.90200
8175.60 0.90400
8212.10 0.90600
8218.30 0.90800
8219.90 0.91000
8232.00 0.91200
8238.60 0.91400
8275.90 0.91600
8351.70 0.91800
8354.60 0.92000
8364.50 0.92200
8383.30 0.92400
8409.00 0.92600
8420.10 0.92800
8438.00 0.93000
8439.00 0.93200
8482.20 0.93400
8562.80 0.93600
8574.00 0.93800
8596.40 0.94000
8693.70 0.94200
8766.50 0.94400
8829.60 0.94600
8837.70 0.94800
8844.50 0.95000
8979.10 0.95200
9338.60 0.95400
9502.10 0.95600
9725.70 0.95800
9747.10 0.96000
9754.70 0.96200
10272.40 0.96400
10573.40 0.96600
10600.70 0.96800
10712.50 0.97000
10815.40 0.97200
11068.30 0.97400
11100.80 0.97600
11715.90 0.97800
12205.50 0.98000
12274.30 0.98200
12358.90 0.98400
13828.70 0.98600
14139.40 0.98800
15376.90 0.99000
15622.10 0.99200
16337.50 0.99400
16340.90 0.99600
22473.10 0.99800
41622.30 1.00000
