latency_us ecdf
1428.40 0.00200
1440.80 0.00400
1469.80 0.00600
1480.80 0.00800
1487.70 0.01000
1494.70 0.01200
1498.70 0.01400
1500.30 0.01600
1505.60 0.01800
1514.50 0.02000
1514.80 0.02200
1526.10 0.02400
1530.60 0.02600
1530.60 0.02800
1531.90 0.03000
1537.10 0.03200
1537.90 0.03400
1539.10 0.03600
1539.80 0.03800
1545.70 0.04000
1547.60 0.04200
1549.40 0.04400
1549.90 0.04600
1550.40 0.04800
1550.80 0.05000
1551.60 0.05200
1551.80 0.05400
1553.20 0.05600
1554.30 0.05800
1554.40 0.06000
1554.60 0.06200
1554.80 0.06400
1558.10 0.06600
1558.20 0.06800
1559.50 0.07000
1559.70 0.07200
1562.00 0.07400
1562.30 0.07600
1562.80 0.07800
1563.90 0.08000
1564.60 0.08200
1565.40 0.08400
1565.80 0.08600
1569.20 0.08800
1570.10 0.09000
1571.50 0.09200
1572.00 0.09400
1573.10 0.09600
1573.70 0.09800
1573.90 0.10000
1576.20 0.10200
1576.20 0.10400
1576.30 0.10600
1577.00 0.10800
1577.20 0.11000
1577.50 0.11200
1577.70 0.11400
1578.10 0.11600
1578.40 0.11800
1578.60 0.12000
1579.90 0.12200
1580.40 0.12400
1581.10 0.12600
1581.10 0.12800
1581.10 0.13000
1581.50 0.13200
1581.90 0.13400
1583.80 0.13600
1584.30 0.13800
1584.70 0.14000
1584.90 0.14200
1585.90 0.14400
1586.00 0.14600
1586.00 0.14800
1586.10 0.15000
1586.10 0.15200
1587.10 0.15400
1587.70 0.15600
1587.80 0.15800
1588.00 0.16000
1588.00 0.16200
1588.20 0.16400
1588.30 0.16600
1589.70 0.16800
1590.20 0.17000
1590.30 0.17200
1590.40 0.17400
1590.80 0.17600
1590.80 0.17800
1592.90 0.18000
1593.90 0.18200
1594.80 0.18400
1596.70 0.18600
1596.70 0.18800
1597.00 0.19000
1597.10 0.19200
1598.20 0.19400
1599.20 0.19600
1599.80 0.19800
1600.70 0.20000
1600.70 0.20200
1600.80 0.20400
1602.30 0.20600
1602.70 0.20800
1603.20 0.21000
1603.20 0.21200
1603.20 0.21400
1603.60 0.21600
1603.90 0.21800
1603.90 0.22000
1604.70 0.22200
1604.80 0.22400
1605.10 0.22600
1605.20 0.22800
1606.30 0.23000
1606.80 0.23200
1607.20 0.23400
1608.30 0.23600
1610.60 0.23800
1611.00 0.24000
1612.30 0.24200
1613.90 0.24400
1614.60 0.24600
1615.20 0.24800
1615.30 0.25000
1615.90 0.25200
1616.00 0.25400
1617.10 0.25600
1617.50 0.25800
1617.60 0.26000
1619.00 0.26200
1619.10 0.26400
1619.30 0.26600
1620.80 0.26800
1620.90 0.27000
1620.90 0.27200
1623.30 0.27400
1624.20 0.27600
1624.20 0.27800
1624.40 0.28000
1626.00 0.28200
1626.90 0.28400
1628.00 0.28600
1628.20 0.28800
1628.30 0.29000
1628.60 0.29200
1628.60 0.29400
1628.80 0.29600
1629.40 0.29800
1629.40 0.30000
1629.80 0.30200
1630.40 0.30400
1630.60 0.30600
1630.70 0.30800
1631.10 0.31000
1631.30 0.31200
1631.50 0.31400
1631.60 0.31600
1634.40 0.31800
1635.30 0.32000
1635.40 0.32200
1635.50 0.32400
1635.90 0.32600
1636.00 0.32800
1636.10 0.33000
1636.30 0.33200
1637.30 0.33400
1637.50 0.33600
1638.30 0.33800
1638.50 0.34000
1638.70 0.34200
1639.30 0.34400
1639.80 0.34600
1639.80 0.34800
1640.40 0.35000
1640.50 0.35200
1640.50 0.35400
1640.60 0.35600
1641.40 0.35800
1642.00 0.36000
1642.60 0.36200
1643.50 0.36400
1643.50 0.36600
1643.70 0.36800
1644.80 0.37000
1644.90 0.37200
1645.40 0.37400
1645.80 0.37600
1647.50 0.37800
1647.70 0.38000
1647.80 0.38200
1648.40 0.38400
1648.50 0.38600
1648.90 0.38800
1649.70 0.39000
1650.30 0.39200
1650.80 0.39400
1651.50 0.39600
1652.60 0.39800
1653.20 0.40000
1653.60 0.40200
1653.90 0.40400
1654.90 0.40600
1655.00 0.40800
1655.40 0.41000
1655.90 0.41200
1656.30 0.41400
1657.00 0.41600
1657.80 0.41800
1658.30 0.42000
1658.30 0.42200
1658.50 0.42400
1658.70 0.42600
1658.70 0.42800
1659.10 0.43000
1659.40 0.43200
1659.70 0.43400
1660.10 0.43600
1660.20 0.43800
1660.20 0.44000
1661.60 0.44200
1661.90 0.44400
1662.80 0.44600
1662.90 0.44800
1663.30 0.45000
1663.40 0.45200
1663.50 0.45400
1663.70 0.45600
1664.10 0.45800
1665.30 0.46000
1666.10 0.46200
1666.40 0.46400
1666.50 0.46600
1666.90 0.46800
1667.00 0.47000
1667.40 0.47200
1667.60 0.47400
1668.60 0.47600
1668.70 0.47800
1668.90 0.48000
1669.70 0.48200
1669.80 0.48400
1670.20 0.48600
1671.50 0.48800
1671.50 0.49000
1672.40 0.49200
1672.50 0.49400
1674.20 0.49600
1674.80 0.49800
1675.10 0.50000
1675.20 0.50200
1675.20 0.50400
1676.20 0.50600
1676.70 0.50800
1677.50 0.51000
1677.90 0.51200
1678.50 0.51400
1679.20 0.51600
1679.30 0.51800
1679.80 0.52000
1681.50 0.52200
1681.60 0.52400
1681.70 0.52600
1682.00 0.52800
1682.60 0.53000
1682.80 0.53200
1683.00 0.53400
1683.60 0.53600
1684.00 0.53800
1685.10 0.54000
1685.10 0.54200
1685.40 0.54400
1685.50 0.54600
1685.70 0.54800
1687.60 0.55000
1687.90 0.55200
1688.00 0.55400
1688.30 0.55600
1689.00 0.55800
1689.20 0.56000
1691.10 0.56200
1691.50 0.56400
1691.60 0.56600
1692.80 0.56800
1692.90 0.57000
1692.90 0.57200
1694.60 0.57400
1695.60 0.57600
1696.70 0.57800
1698.10 0.58000
1698.40 0.58200
1698.90 0.58400
1699.50 0.58600
1700.20 0.58800
1700.40 0.59000
1703.70 0.59200
1704.00 0.59400
1704.00 0.59600
1705.20 0.59800
1708.10 0.60000
1709.40 0.60200
1709.70 0.60400
1710.60 0.60600
1711.10 0.60800
1712.00 0.61000
1712.90 0.61200
1713.80 0.61400
1716.70 0.61600
1718.40 0.61800
1721.00 0.62000
1721.10 0.62200
1721.40 0.62400
1721.60 0.62600
1723.30 0.62800
1724.00 0.63000
1724.20 0.63200
1724.50 0.63400
1724.50 0.63600
1724.90 0.63800
1725.10 0.64000
1725.20 0.64200
1725.80 0.64400
1725.90 0.64600
1726.80 0.64800
1726.90 0.65000
1726.90 0.65200
1727.00 0.65400
1727.10 0.65600
1727.70 0.65800
1727.80 0.66000
1728.20 0.66200
1728.30 0.66400
1729.50 0.66600
1731.10 0.66800
1732.10 0.67000
1732.30 0.67200
1732.40 0.67400
1732.40 0.67600
1732.40 0.67800
1732.80 0.68000
1733.40 0.68200
1733.50 0.68400
1734.80 0.68600
1735.30 0.68800
1735.90 0.69000
1736.80 0.69200
1737.20 0.69400
1738.20 0.69600
1740.00 0.69800
1740.20 0.70000
1740.50 0.70200
1740.90 0.70400
1741.50 0.70600
1742.10 0.70800
1742.20 0.71000
1743.60 0.71200
1743.90 0.71400
1744.90 0.71600
1746.40 0.71800
1746.80 0.72000
1746.80 0.72200
1749.60 0.72400
1750.50 0.72600
1752.60 0.72800
1753.10 0.73000
1753.30 0.73200
1753.40 0.73400
1753.70 0.73600
1753.70 0.73800
1757.60 0.74000
1758.70 0.74200
1760.50 0.74400
1761.10 0.74600
1762.20 0.74800
1762.70 0.75000
1764.10 0.75200
1764.20 0.75400
1764.80 0.75600
1765.60 0.75800
1765.80 0.76000
1766.40 0.76200
1767.20 0.76400
1767.60 0.76600
1768.10 0.76800
1768.60 0.77000
1768.80 0.77200
1768.90 0.77400
1772.70 0.77600
1772.90 0.77800
1773.00 0.78000
1773.60 0.78200
1775.00 0.78400
1777.50 0.78600
1779.40 0.78800
1779.40 0.79000
1780.50 0.79200
1780.60 0.79400
1780.60 0.79600
1781.30 0.79800
1781.60 0.80000
1783.90 0.80200
1784.80 0.80400
1787.20 0.80600
1787.30 0.80800
1790.20 0.81000
1790.20 0.81200
1790.70 0.81400
1791.30 0.81600
1791.40 0.81800
1796.00 0.82000
1796.70 0.82200
1798.10 0.82400
1798.60 0.82600
1801.00 0.82800
1802.50 0.83000
1803.00 0.83200
1807.80 0.83400
1811.20 0.83600
1813.90 0.83800
1817.00 0.84000
1817.00 0.84200
1818.10 0.84400
1818.10 0.84600
1818.40 0.84800
1819.50 0.85000
1819.80 0.85200
1823.50 0.85400
1826.40 0.85600
1828.40 0.85800
1829.50 0.86000
1829.70 0.86200
1830.20 0.86400
1830.30 0.86600
1832.90 0.86800
1834.10 0.87000
1836.50 0.87200
1838.00 0.87400
1838.20 0.87600
1838.70 0.87800
1839.50 0.88000
1839.90 0.88200
1843.40 0.88400
1846.60 0.88600
1851.50 0.88800
1855.50 0.89000
1856.10 0.89200
1859.40 0.89400
1860.50 0.89600
1863.60 0.89800
1865.90 0.90000
1868.50 0.90200
1869.50 0.90400
1878.20 0.90600
1879.00 0.90800
1879.40 0.91000
1883.60 0.91200
1883.70 0.91400
1884.10 0.91600
1888.20 0.91800
1891.10 0.92000
1893.00 0.92200
1893.70 0.92400
1894.30 0.92600
1895.00 0.92800
1896.50 0.93000
1900.30 0.93200
1903.60 0.93400
1922.70 0.93600
1933.20 0.93800
1939.10 0.94000
1941.40 0.94200
1944.20 0.94400
1950.70 0.94600
1959.70 0.94800
1971.30 0.95000
1978.00 0.95200
1980.60 0.95400
2014.80 0.95600
2016.10 0.95800
2017.20 0.96000
2023.60 0.96200
2026.50 0.96400
2035.90 0.96600
2038.60 0.96800
2075.60 0.97000
2107.10 0.97200
2121.30 0.97400
2129.20 0.97600
2141.40 0.97800
2181.30 0.98000
2190.50 0.98200
2306.80 0.98400
2472.00 0.98600
2856.00 0.98800
2962.10 0.99000
3054.50 0.99200
3097.60 0.99400
3173.00 0.99600
3515.70 0.99800
4012.90 1.00000
