latency_us exceedance
1794.98 9.990010e-01
1794.98 9.980020e-01
1796.15 9.970030e-01
1796.42 9.960040e-01
1796.83 9.950050e-01
1797.70 9.940060e-01
1798.50 9.930070e-01
1799.64 9.920080e-01
1799.81 9.910090e-01
1800.08 9.900100e-01
1800.77 9.890110e-01
1800.99 9.880120e-01
1801.27 9.870130e-01
1801.32 9.860140e-01
1801.52 9.850150e-01
1802.20 9.840160e-01
1802.67 9.830170e-01
1802.77 9.820180e-01
1802.97 9.810190e-01
1803.15 9.800200e-01
1803.16 9.790210e-01
1803.38 9.780220e-01
1803.86 9.770230e-01
1803.93 9.760240e-01
1804.72 9.750250e-01
1804.94 9.740260e-01
1805.14 9.730270e-01
1805.42 9.720280e-01
1805.62 9.710290e-01
1806.07 9.700300e-01
1806.56 9.690310e-01
1807.52 9.680320e-01
1808.27 9.670330e-01
1808.28 9.660340e-01
1809.27 9.650350e-01
1809.84 9.640360e-01
1810.05 9.630370e-01
1810.09 9.620380e-01
1810.86 9.610390e-01
1810.97 9.600400e-01
1811.05 9.590410e-01
1811.39 9.580420e-01
1811.43 9.570430e-01
1811.97 9.560440e-01
1811.98 9.550450e-01
1812.31 9.540460e-01
1812.55 9.530470e-01
1814.12 9.520480e-01
1814.28 9.510490e-01
1814.33 9.500500e-01
1814.90 9.490509e-01
1815.08 9.480519e-01
1815.70 9.470529e-01
1816.39 9.460539e-01
1816.65 9.450549e-01
1816.70 9.440559e-01
1817.11 9.430569e-01
1817.56 9.420579e-01
1817.86 9.410589e-01
1817.89 9.400599e-01
1818.46 9.390609e-01
1818.49 9.380619e-01
1818.54 9.370629e-01
1818.66 9.360639e-01
1819.38 9.350649e-01
1819.52 9.340659e-01
1819.68 9.330669e-01
1820.09 9.320679e-01
1820.10 9.310689e-01
1820.20 9.300699e-01
1820.41 9.290709e-01
1820.56 9.280719e-01
1820.87 9.270729e-01
1820.91 9.260739e-01
1821.05 9.250749e-01
1821.25 9.240759e-01
1821.28 9.230769e-01
1821.28 9.220779e-01
1821.53 9.210789e-01
1821.61 9.200799e-01
1821.66 9.190809e-01
1821.69 9.180819e-01
1821.71 9.170829e-01
1821.77 9.160839e-01
1821.94 9.150849e-01
1822.01 9.140859e-01
1822.27 9.130869e-01
1822.45 9.120879e-01
1822.87 9.110889e-01
1822.89 9.100899e-01
1822.92 9.090909e-01
1823.11 9.080919e-01
1823.36 9.070929e-01
1823.41 9.060939e-01
1823.50 9.050949e-01
1823.55 9.040959e-01
1823.65 9.030969e-01
1823.70 9.020979e-01
1823.83 9.010989e-01
1823.91 9.000999e-01
1823.93 8.991009e-01
1824.03 8.981019e-01
1824.11 8.971029e-01
1824.18 8.961039e-01
1824.27 8.951049e-01
1824.42 8.941059e-01
1824.52 8.931069e-01
1824.52 8.921079e-01
1824.63 8.911089e-01
1824.76 8.901099e-01
1824.80 8.891109e-01
1824.80 8.881119e-01
1824.81 8.871129e-01
1824.88 8.861139e-01
1825.14 8.851149e-01
1825.22 8.841159e-01
1825.32 8.831169e-01
1825.63 8.821179e-01
1825.69 8.811189e-01
1825.76 8.801199e-01
1825.78 8.791209e-01
1825.91 8.781219e-01
1825.94 8.771229e-01
1825.96 8.761239e-01
1826.28 8.751249e-01
1826.30 8.741259e-01
1826.31 8.731269e-01
1826.33 8.721279e-01
1826.41 8.711289e-01
1826.45 8.701299e-01
1826.61 8.691309e-01
1826.87 8.681319e-01
1826.88 8.671329e-01
1826.94 8.661339e-01
1827.04 8.651349e-01
1827.06 8.641359e-01
1827.08 8.631369e-01
1827.19 8.621379e-01
1827.23 8.611389e-01
1827.34 8.601399e-01
1827.43 8.591409e-01
1827.49 8.581419e-01
1827.52 8.571429e-01
1827.73 8.561439e-01
1827.95 8.551449e-01
1828.17 8.541459e-01
1828.36 8.531469e-01
1828.41 8.521479e-01
1828.45 8.511489e-01
1828.46 8.501499e-01
1828.68 8.491508e-01
1828.78 8.481518e-01
1828.86 8.471528e-01
1828.94 8.461538e-01
1828.97 8.451548e-01
1829.15 8.441558e-01
1829.26 8.431568e-01
1829.26 8.421578e-01
1829.45 8.411588e-01
1829.45 8.401598e-01
1829.56 8.391608e-01
1829.60 8.381618e-01
1829.68 8.371628e-01
1829.73 8.361638e-01
1829.91 8.351648e-01
1829.96 8.341658e-01
1830.03 8.331668e-01
1830.13 8.321678e-01
1830.26 8.311688e-01
1830.28 8.301698e-01
1830.36 8.291708e-01
1830.40 8.281718e-01
1830.48 8.271728e-01
1830.53 8.261738e-01
1830.54 8.251748e-01
1830.54 8.241758e-01
1830.56 8.231768e-01
1830.61 8.221778e-01
1831.45 8.211788e-01
1831.85 8.201798e-01
1832.13 8.191808e-01
1832.18 8.181818e-01
1832.19 8.171828e-01
1832.27 8.161838e-01
1832.34 8.151848e-01
1832.41 8.141858e-01
1832.49 8.131868e-01
1832.54 8.121878e-01
1832.63 8.111888e-01
1832.64 8.101898e-01
1832.64 8.091908e-01
1832.66 8.081918e-01
1832.95 8.071928e-01
1833.21 8.061938e-01
1833.66 8.051948e-01
1833.76 8.041958e-01
1834.03 8.031968e-01
1834.52 8.021978e-01
1834.65 8.011988e-01
1834.72 8.001998e-01
1835.02 7.992008e-01
1835.13 7.982018e-01
1835.44 7.972028e-01
1835.46 7.962038e-01
1835.52 7.952048e-01
1835.55 7.942058e-01
1835.68 7.932068e-01
1835.73 7.922078e-01
1835.92 7.912088e-01
1836.04 7.902098e-01
1836.22 7.892108e-01
1836.30 7.882118e-01
1836.33 7.872128e-01
1836.39 7.862138e-01
1836.59 7.852148e-01
1836.63 7.842158e-01
1836.69 7.832168e-01
1836.81 7.822178e-01
1837.04 7.812188e-01
1837.15 7.802198e-01
1837.20 7.792208e-01
1837.34 7.782218e-01
1837.34 7.772228e-01
1837.36 7.762238e-01
1837.47 7.752248e-01
1837.51 7.742258e-01
1837.65 7.732268e-01
1837.81 7.722278e-01
1838.04 7.712288e-01
1838.28 7.702298e-01
1838.58 7.692308e-01
1838.60 7.682318e-01
1838.90 7.672328e-01
1838.98 7.662338e-01
1839.20 7.652348e-01
1839.44 7.642358e-01
1839.70 7.632368e-01
1839.75 7.622378e-01
1839.81 7.612388e-01
1839.97 7.602398e-01
1839.98 7.592408e-01
1840.06 7.582418e-01
1840.10 7.572428e-01
1840.22 7.562438e-01
1840.24 7.552448e-01
1840.30 7.542458e-01
1840.32 7.532468e-01
1840.38 7.522478e-01
1840.52 7.512488e-01
1840.66 7.502498e-01
1840.87 7.492507e-01
1840.89 7.482517e-01
1841.04 7.472527e-01
1841.30 7.462537e-01
1841.35 7.452547e-01
1841.50 7.442557e-01
1841.57 7.432567e-01
1841.74 7.422577e-01
1841.75 7.412587e-01
1841.81 7.402597e-01
1841.88 7.392607e-01
1841.95 7.382617e-01
1842.16 7.372627e-01
1842.26 7.362637e-01
1842.41 7.352647e-01
1842.48 7.342657e-01
1842.66 7.332667e-01
1842.69 7.322677e-01
1842.69 7.312687e-01
1842.70 7.302697e-01
1842.73 7.292707e-01
1842.74 7.282717e-01
1842.88 7.272727e-01
1842.90 7.262737e-01
1842.91 7.252747e-01
1842.98 7.242757e-01
1843.04 7.232767e-01
1843.11 7.222777e-01
1843.13 7.212787e-01
1843.13 7.202797e-01
1843.16 7.192807e-01
1843.18 7.182817e-01
1843.28 7.172827e-01
1843.29 7.162837e-01
1843.32 7.152847e-01
1843.44 7.142857e-01
1843.46 7.132867e-01
1843.54 7.122877e-01
1843.61 7.112887e-01
1843.73 7.102897e-01
1843.75 7.092907e-01
1843.97 7.082917e-01
1844.07 7.072927e-01
1844.13 7.062937e-01
1844.43 7.052947e-01
1844.49 7.042957e-01
1844.59 7.032967e-01
1844.62 7.022977e-01
1844.62 7.012987e-01
1844.64 7.002997e-01
1844.65 6.993007e-01
1844.96 6.983017e-01
1845.04 6.973027e-01
1845.15 6.963037e-01
1845.21 6.953047e-01
1845.29 6.943057e-01
1845.34 6.933067e-01
1845.34 6.923077e-01
1845.38 6.913087e-01
1845.42 6.903097e-01
1845.63 6.893107e-01
1845.65 6.883117e-01
1845.68 6.873127e-01
1845.86 6.863137e-01
1845.96 6.853147e-01
1845.96 6.843157e-01
1846.23 6.833167e-01
1846.26 6.823177e-01
1846.29 6.813187e-01
1846.41 6.803197e-01
1846.49 6.793207e-01
1846.57 6.783217e-01
1846.69 6.773227e-01
1846.90 6.763237e-01
1847.02 6.753247e-01
1847.06 6.743257e-01
1847.16 6.733267e-01
1847.20 6.723277e-01
1847.46 6.713287e-01
1847.76 6.703297e-01
1847.77 6.693307e-01
1847.83 6.683317e-01
1847.83 6.673327e-01
1847.95 6.663337e-01
1848.07 6.653347e-01
1848.09 6.643357e-01
1848.21 6.633367e-01
1848.22 6.623377e-01
1848.24 6.613387e-01
1848.31 6.603397e-01
1848.38 6.593407e-01
1848.44 6.583417e-01
1848.45 6.573427e-01
1848.55 6.563437e-01
1848.66 6.553447e-01
1848.80 6.543457e-01
1848.81 6.533467e-01
1848.81 6.523477e-01
1849.34 6.513487e-01
1849.36 6.503497e-01
1849.45 6.493506e-01
1849.56 6.483516e-01
1849.72 6.473526e-01
1849.92 6.463536e-01
1850.49 6.453546e-01
1850.53 6.443556e-01
1850.65 6.433566e-01
1850.75 6.423576e-01
1851.06 6.413586e-01
1851.22 6.403596e-01
1851.26 6.393606e-01
1851.28 6.383616e-01
1851.85 6.373626e-01
1852.12 6.363636e-01
1852.13 6.353646e-01
1852.15 6.343656e-01
1852.15 6.333666e-01
1852.26 6.323676e-01
1852.56 6.313686e-01
1852.78 6.303696e-01
1852.86 6.293706e-01
1852.92 6.283716e-01
1852.94 6.273726e-01
1853.47 6.263736e-01
1854.31 6.253746e-01
1854.32 6.243756e-01
1854.43 6.233766e-01
1854.48 6.223776e-01
1854.59 6.213786e-01
1854.62 6.203796e-01
1854.94 6.193806e-01
1855.05 6.183816e-01
1855.10 6.173826e-01
1855.24 6.163836e-01
1855.32 6.153846e-01
1855.58 6.143856e-01
1855.74 6.133866e-01
1855.85 6.123876e-01
1855.93 6.113886e-01
1856.05 6.103896e-01
1856.06 6.093906e-01
1856.28 6.083916e-01
1856.29 6.073926e-01
1856.48 6.063936e-01
1856.48 6.053946e-01
1856.48 6.043956e-01
1856.63 6.033966e-01
1856.99 6.023976e-01
1857.02 6.013986e-01
1857.48 6.003996e-01
1857.49 5.994006e-01
1857.70 5.984016e-01
1857.84 5.974026e-01
1857.92 5.964036e-01
1858.16 5.954046e-01
1858.32 5.944056e-01
1858.48 5.934066e-01
1858.56 5.924076e-01
1858.60 5.914086e-01
1858.61 5.904096e-01
1858.63 5.894106e-01
1858.96 5.884116e-01
1858.96 5.874126e-01
1859.03 5.864136e-01
1859.14 5.854146e-01
1859.26 5.844156e-01
1859.33 5.834166e-01
1859.45 5.824176e-01
1859.69 5.814186e-01
1860.08 5.804196e-01
1860.15 5.794206e-01
1860.24 5.784216e-01
1860.35 5.774226e-01
1860.38 5.764236e-01
1860.66 5.754246e-01
1861.16 5.744256e-01
1861.36 5.734266e-01
1861.39 5.724276e-01
1861.53 5.714286e-01
1861.86 5.704296e-01
1861.93 5.694306e-01
1861.95 5.684316e-01
1862.37 5.674326e-01
1862.44 5.664336e-01
1862.54 5.654346e-01
1862.76 5.644356e-01
1862.84 5.634366e-01
1862.94 5.624376e-01
1863.55 5.614386e-01
1863.84 5.604396e-01
1863.86 5.594406e-01
1864.00 5.584416e-01
1864.57 5.574426e-01
1864.58 5.564436e-01
1864.84 5.554446e-01
1864.95 5.544456e-01
1865.13 5.534466e-01
1865.14 5.524476e-01
1865.17 5.514486e-01
1865.37 5.504496e-01
1865.45 5.494505e-01
1865.53 5.484515e-01
1865.91 5.474525e-01
1866.14 5.464535e-01
1866.52 5.454545e-01
1866.96 5.444555e-01
1867.04 5.434565e-01
1867.31 5.424575e-01
1867.43 5.414585e-01
1867.50 5.404595e-01
1867.55 5.394605e-01
1867.83 5.384615e-01
1868.03 5.374625e-01
1868.04 5.364635e-01
1868.26 5.354645e-01
1868.42 5.344655e-01
1868.60 5.334665e-01
1868.79 5.324675e-01
1868.84 5.314685e-01
1868.85 5.304695e-01
1869.06 5.294705e-01
1869.15 5.284715e-01
1869.16 5.274725e-01
1869.46 5.264735e-01
1869.57 5.254745e-01
1869.91 5.244755e-01
1870.03 5.234765e-01
1870.05 5.224775e-01
1870.34 5.214785e-01
1870.70 5.204795e-01
1870.91 5.194805e-01
1870.96 5.184815e-01
1870.99 5.174825e-01
1871.34 5.164835e-01
1871.47 5.154845e-01
1871.48 5.144855e-01
1871.49 5.134865e-01
1871.60 5.124875e-01
1871.79 5.114885e-01
1872.14 5.104895e-01
1872.38 5.094905e-01
1872.46 5.084915e-01
1872.60 5.074925e-01
1872.71 5.064935e-01
1872.80 5.054945e-01
1872.94 5.044955e-01
1873.04 5.034965e-01
1873.12 5.024975e-01
1873.37 5.014985e-01
1873.49 5.004995e-01
1873.57 4.995005e-01
1873.80 4.985015e-01
1873.89 4.975025e-01
1874.10 4.965035e-01
1874.25 4.955045e-01
1874.56 4.945055e-01
1875.24 4.935065e-01
1875.40 4.925075e-01
1875.55 4.915085e-01
1875.57 4.905095e-01
1875.58 4.895105e-01
1875.60 4.885115e-01
1875.62 4.875125e-01
1875.64 4.865135e-01
1875.68 4.855145e-01
1875.86 4.845155e-01
1875.94 4.835165e-01
1876.18 4.825175e-01
1876.41 4.815185e-01
1876.56 4.805195e-01
1876.65 4.795205e-01
1876.72 4.785215e-01
1876.72 4.775225e-01
1876.87 4.765235e-01
1877.19 4.755245e-01
1877.22 4.745255e-01
1877.25 4.735265e-01
1877.39 4.725275e-01
1877.40 4.715285e-01
1877.57 4.705295e-01
1877.63 4.695305e-01
1877.72 4.685315e-01
1877.75 4.675325e-01
1877.75 4.665335e-01
1877.77 4.655345e-01
1877.85 4.645355e-01
1878.12 4.635365e-01
1878.41 4.625375e-01
1878.77 4.615385e-01
1878.78 4.605395e-01
1879.04 4.595405e-01
1879.33 4.585415e-01
1879.35 4.575425e-01
1879.46 4.565435e-01
1879.52 4.555445e-01
1879.60 4.545455e-01
1879.79 4.535465e-01
1879.79 4.525475e-01
1879.97 4.515485e-01
1880.19 4.505495e-01
1880.22 4.495504e-01
1880.23 4.485514e-01
1880.32 4.475524e-01
1880.54 4.465534e-01
1880.64 4.455544e-01
1880.76 4.445554e-01
1880.79 4.435564e-01
1881.04 4.425574e-01
1881.14 4.415584e-01
1881.22 4.405594e-01
1881.23 4.395604e-01
1881.34 4.385614e-01
1881.74 4.375624e-01
1882.46 4.365634e-01
1882.51 4.355644e-01
1882.51 4.345654e-01
1882.60 4.335664e-01
1882.62 4.325674e-01
1882.79 4.315684e-01
1882.80 4.305694e-01
1882.81 4.295704e-01
1882.92 4.285714e-01
1883.27 4.275724e-01
1883.32 4.265734e-01
1883.39 4.255744e-01
1883.61 4.245754e-01
1883.95 4.235764e-01
1884.27 4.225774e-01
1884.32 4.215784e-01
1884.59 4.205794e-01
1884.61 4.195804e-01
1884.89 4.185814e-01
1885.69 4.175824e-01
1885.76 4.165834e-01
1885.91 4.155844e-01
1886.18 4.145854e-01
1886.25 4.135864e-01
1886.48 4.125874e-01
1886.52 4.115884e-01
1886.61 4.105894e-01
1886.67 4.095904e-01
1886.82 4.085914e-01
1886.89 4.075924e-01
1886.94 4.065934e-01
1887.22 4.055944e-01
1887.31 4.045954e-01
1887.43 4.035964e-01
1887.76 4.025974e-01
1888.11 4.015984e-01
1888.51 4.005994e-01
1888.59 3.996004e-01
1888.73 3.986014e-01
1888.77 3.976024e-01
1888.87 3.966034e-01
1889.27 3.956044e-01
1889.44 3.946054e-01
1889.65 3.936064e-01
1889.78 3.926074e-01
1890.07 3.916084e-01
1890.17 3.906094e-01
1890.38 3.896104e-01
1890.43 3.886114e-01
1890.62 3.876124e-01
1890.90 3.866134e-01
1891.03 3.856144e-01
1891.15 3.846154e-01
1891.30 3.836164e-01
1891.76 3.826174e-01
1891.77 3.816184e-01
1892.16 3.806194e-01
1892.18 3.796204e-01
1892.30 3.786214e-01
1892.70 3.776224e-01
1892.75 3.766234e-01
1892.76 3.756244e-01
1893.15 3.746254e-01
1893.23 3.736264e-01
1893.53 3.726274e-01
1893.85 3.716284e-01
1895.12 3.706294e-01
1895.28 3.696304e-01
1895.31 3.686314e-01
1895.40 3.676324e-01
1895.40 3.666334e-01
1895.50 3.656344e-01
1895.60 3.646354e-01
1895.62 3.636364e-01
1895.78 3.626374e-01
1895.89 3.616384e-01
1896.28 3.606394e-01
1896.59 3.596404e-01
1896.87 3.586414e-01
1897.00 3.576424e-01
1897.64 3.566434e-01
1897.90 3.556444e-01
1898.07 3.546454e-01
1898.22 3.536464e-01
1898.66 3.526474e-01
1898.72 3.516484e-01
1899.22 3.506494e-01
1899.25 3.496503e-01
1899.35 3.486513e-01
1899.40 3.476523e-01
1899.79 3.466533e-01
1900.60 3.456543e-01
1901.32 3.446553e-01
1901.35 3.436563e-01
1902.98 3.426573e-01
1903.77 3.416583e-01
1904.04 3.406593e-01
1904.19 3.396603e-01
1904.22 3.386613e-01
1904.73 3.376623e-01
1905.10 3.366633e-01
1906.14 3.356643e-01
1906.37 3.346653e-01
1906.54 3.336663e-01
1906.79 3.326673e-01
1907.75 3.316683e-01
1908.23 3.306693e-01
1908.84 3.296703e-01
1909.91 3.286713e-01
1911.73 3.276723e-01
1912.46 3.266733e-01
1912.51 3.256743e-01
1912.78 3.246753e-01
1912.82 3.236763e-01
1913.10 3.226773e-01
1913.48 3.216783e-01
1913.69 3.206793e-01
1913.75 3.196803e-01
1914.66 3.186813e-01
1914.70 3.176823e-01
1915.16 3.166833e-01
1915.79 3.156843e-01
1917.04 3.146853e-01
1917.13 3.136863e-01
1918.20 3.126873e-01
1918.65 3.116883e-01
1919.21 3.106893e-01
1920.14 3.096903e-01
1920.19 3.086913e-01
1920.32 3.076923e-01
1920.74 3.066933e-01
1920.87 3.056943e-01
1922.76 3.046953e-01
1923.84 3.036963e-01
1923.96 3.026973e-01
1924.34 3.016983e-01
1924.47 3.006993e-01
1924.79 2.997003e-01
1926.24 2.987013e-01
1926.75 2.977023e-01
1926.92 2.967033e-01
1927.50 2.957043e-01
1927.82 2.947053e-01
1930.34 2.937063e-01
1930.78 2.927073e-01
1931.56 2.917083e-01
1931.81 2.907093e-01
1931.86 2.897103e-01
1931.90 2.887113e-01
1932.59 2.877123e-01
1933.11 2.867133e-01
1933.28 2.857143e-01
1934.83 2.847153e-01
1937.47 2.837163e-01
1937.64 2.827173e-01
1939.44 2.817183e-01
1939.77 2.807193e-01
1939.80 2.797203e-01
1940.25 2.787213e-01
1941.01 2.777223e-01
1941.05 2.767233e-01
1941.54 2.757243e-01
1941.70 2.747253e-01
1943.35 2.737263e-01
1943.43 2.727273e-01
1944.79 2.717283e-01
1945.22 2.707293e-01
1946.97 2.697303e-01
1948.42 2.687313e-01
1948.64 2.677323e-01
1949.58 2.667333e-01
1950.27 2.657343e-01
1950.74 2.647353e-01
1951.11 2.637363e-01
1952.85 2.627373e-01
1953.80 2.617383e-01
1954.59 2.607393e-01
1955.26 2.597403e-01
1956.16 2.587413e-01
1956.85 2.577423e-01
1957.63 2.567433e-01
1958.02 2.557443e-01
1959.76 2.547453e-01
1959.80 2.537463e-01
1960.12 2.527473e-01
1960.22 2.517483e-01
1960.78 2.507493e-01
1962.74 2.497502e-01
1964.20 2.487512e-01
1964.20 2.477522e-01
1964.64 2.467532e-01
1965.37 2.457542e-01
1967.32 2.447552e-01
1967.41 2.437562e-01
1967.49 2.427572e-01
1967.81 2.417582e-01
1968.10 2.407592e-01
1968.23 2.397602e-01
1969.73 2.387612e-01
1969.84 2.377622e-01
1969.86 2.367632e-01
1974.15 2.357642e-01
1974.25 2.347652e-01
1974.66 2.337662e-01
1975.51 2.327672e-01
1975.71 2.317682e-01
1976.12 2.307692e-01
1976.69 2.297702e-01
1976.83 2.287712e-01
1977.85 2.277722e-01
1978.58 2.267732e-01
1978.67 2.257742e-01
1979.38 2.247752e-01
1980.81 2.237762e-01
1980.97 2.227772e-01
1981.72 2.217782e-01
1982.74 2.207792e-01
1983.27 2.197802e-01
1983.44 2.187812e-01
1983.61 2.177822e-01
1987.04 2.167832e-01
1987.10 2.157842e-01
1987.14 2.147852e-01
1988.67 2.137862e-01
1989.79 2.127872e-01
1990.23 2.117882e-01
1992.77 2.107892e-01
1993.63 2.097902e-01
1993.70 2.087912e-01
1994.00 2.077922e-01
1994.91 2.067932e-01
1995.33 2.057942e-01
1996.34 2.047952e-01
1997.17 2.037962e-01
1998.69 2.027972e-01
1998.74 2.017982e-01
2000.42 2.007992e-01
2000.62 1.998002e-01
2001.61 1.988012e-01
2001.89 1.978022e-01
2003.36 1.968032e-01
2004.92 1.958042e-01
2006.79 1.948052e-01
2007.06 1.938062e-01
2007.83 1.928072e-01
2008.74 1.918082e-01
2009.57 1.908092e-01
2010.30 1.898102e-01
2010.99 1.888112e-01
2011.03 1.878122e-01
2012.36 1.868132e-01
2014.33 1.858142e-01
2014.79 1.848152e-01
2015.19 1.838162e-01
2015.44 1.828172e-01
2017.69 1.818182e-01
2018.15 1.808192e-01
2022.38 1.798202e-01
2025.28 1.788212e-01
2027.73 1.778222e-01
2028.03 1.768232e-01
2029.22 1.758242e-01
2031.76 1.748252e-01
2034.18 1.738262e-01
2036.17 1.728272e-01
2036.45 1.718282e-01
2038.87 1.708292e-01
2039.18 1.698302e-01
2041.52 1.688312e-01
2042.95 1.678322e-01
2043.19 1.668332e-01
2045.12 1.658342e-01
2046.03 1.648352e-01
2049.88 1.638362e-01
2053.94 1.628372e-01
2055.86 1.618382e-01
2056.71 1.608392e-01
2057.18 1.598402e-01
2057.68 1.588412e-01
2058.78 1.578422e-01
2059.73 1.568432e-01
2064.11 1.558442e-01
2064.97 1.548452e-01
2067.19 1.538462e-01
2067.75 1.528472e-01
2071.96 1.518482e-01
2074.35 1.508492e-01
2075.47 1.498501e-01
2079.11 1.488511e-01
2082.84 1.478521e-01
2084.75 1.468531e-01
2086.10 1.458541e-01
2086.97 1.448551e-01
2088.32 1.438561e-01
2088.33 1.428571e-01
2093.28 1.418581e-01
2099.14 1.408591e-01
2103.91 1.398601e-01
2108.17 1.388611e-01
2110.00 1.378621e-01
2110.06 1.368631e-01
2110.80 1.358641e-01
2115.94 1.348651e-01
2117.00 1.338661e-01
2121.81 1.328671e-01
2124.55 1.318681e-01
2124.64 1.308691e-01
2134.10 1.298701e-01
2136.76 1.288711e-01
2136.86 1.278721e-01
2137.49 1.268731e-01
2138.08 1.258741e-01
2141.56 1.248751e-01
2142.93 1.238761e-01
2146.98 1.228771e-01
2147.98 1.218781e-01
2153.07 1.208791e-01
2156.44 1.198801e-01
2157.32 1.188811e-01
2158.26 1.178821e-01
2163.51 1.168831e-01
2167.42 1.158841e-01
2168.61 1.148851e-01
2172.72 1.138861e-01
2173.44 1.128871e-01
2176.32 1.118881e-01
2176.37 1.108891e-01
2180.52 1.098901e-01
2181.00 1.088911e-01
2181.16 1.078921e-01
2187.79 1.068931e-01
2189.54 1.058941e-01
2190.47 1.048951e-01
2195.48 1.038961e-01
2200.10 1.028971e-01
2200.22 1.018981e-01
2203.82 1.008991e-01
2209.32 9.990010e-02
2212.65 9.890110e-02
2213.13 9.790210e-02
2214.16 9.690310e-02
2214.18 9.590410e-02
2232.00 9.490509e-02
2234.07 9.390609e-02
2246.88 9.290709e-02
2252.83 9.190809e-02
2254.29 9.090909e-02
2256.53 8.991009e-02
2260.31 8.891109e-02
2263.78 8.791209e-02
2265.20 8.691309e-02
2268.28 8.591409e-02
2268.86 8.491508e-02
2271.16 8.391608e-02
2280.07 8.291708e-02
2287.27 8.191808e-02
2287.46 8.091908e-02
2290.80 7.992008e-02
2293.64 7.892108e-02
2298.21 7.792208e-02
2298.94 7.692308e-02
2303.82 7.592408e-02
2305.32 7.492507e-02
2305.65 7.392607e-02
2307.81 7.292707e-02
2321.94 7.192807e-02
2344.89 7.092907e-02
2347.66 6.993007e-02
2354.59 6.893107e-02
2355.20 6.793207e-02
2357.47 6.693307e-02
2373.69 6.593407e-02
2382.24 6.493506e-02
2383.41 6.393606e-02
2384.66 6.293706e-02
2388.72 6.193806e-02
2396.08 6.093906e-02
2403.20 5.994006e-02
2410.57 5.894106e-02
2419.59 5.794206e-02
2423.59 5.694306e-02
2434.41 5.594406e-02
2437.73 5.494505e-02
2442.45 5.394605e-02
2454.71 5.294705e-02
2461.31 5.194805e-02
2463.13 5.094905e-02
2465.89 4.995005e-02
2467.15 4.895105e-02
2481.89 4.795205e-02
2482.70 4.695305e-02
2486.35 4.595405e-02
2525.82 4.495504e-02
2535.98 4.395604e-02
2555.35 4.295704e-02
2556.50 4.195804e-02
2559.91 4.095904e-02
2560.19 3.996004e-02
2590.69 3.896104e-02
2596.00 3.796204e-02
2600.35 3.696304e-02
2627.65 3.596404e-02
2648.90 3.496503e-02
2667.10 3.396603e-02
2688.12 3.296703e-02
2696.06 3.196803e-02
2731.26 3.096903e-02
2738.48 2.997003e-02
2741.18 2.897103e-02
2750.26 2.797203e-02
2754.29 2.697303e-02
2770.64 2.597403e-02
2781.84 2.497502e-02
2784.16 2.397602e-02
2802.82 2.297702e-02
2806.00 2.197802e-02
2824.25 2.097902e-02
2830.19 1.998002e-02
2834.61 1.898102e-02
2869.11 1.798202e-02
2902.14 1.698302e-02
2916.62 1.598402e-02
2917.75 1.498501e-02
2925.99 1.398601e-02
2936.20 1.298701e-02
2957.52 1.198801e-02
3072.10 1.098901e-02
3113.91 9.990010e-03
3249.15 8.991009e-03
3267.62 7.992008e-03
3337.28 6.993007e-03
3396.52 5.994006e-03
3515.48 4.995005e-03
3529.66 3.996004e-03
3744.53 2.997003e-03
3908.37 1.998002e-03
4235.06 9.990010e-04
